0.472254 -0.881389 0.0113417 1.08318 0.881455 0.472264 -0.00200579 1.52848 -0.0035884 0.0109445 0.999934 1.00832
0.470087 -0.882483 0.0155724 1.47364 0.882596 0.470131 -0.000929783 2.31356 -0.00650057 0.0141812 0.999878 1.05024
0.466643 -0.884425 -0.006065 2.35829 0.883393 0.466411 -0.0455846 3.95553 0.0431449 0.0159139 0.998942 1.0745
0.466443 -0.884421 0.0151696 2.7323 0.884551 0.466356 -0.00906553 4.69446 0.000943282 0.0176469 0.999844 1.08069
0.465233 -0.885007 0.0179067 3.14637 0.88518 0.465223 -0.00500175 5.52117 -0.00390401 0.0181776 0.999827 1.0729
0.464113 -0.885598 0.0177231 3.58603 0.885767 0.464106 -0.0047971 6.36081 -0.00397708 0.0179249 0.999831 1.06923
0.462963 -0.886218 0.0168274 4.01398 0.886374 0.462935 -0.00573314 7.17965 -0.0027092 0.0175696 0.999842 1.09117
0.462651 -0.886402 0.0156689 4.43768 0.886529 0.462661 -0.00317771 7.99878 -0.00443268 0.0153611 0.999872 1.10678
0.463216 -0.886069 0.0176626 4.8562 0.886174 0.463339 0.00340966 8.81332 -0.011205 0.0140728 0.999838 1.09922
0.464229 -0.88551 0.0190526 5.28035 0.885606 0.464402 0.00574004 9.63279 -0.013931 0.0142084 0.999802 1.0863
0.465853 -0.884689 0.0174857 5.74042 0.884782 0.465986 0.0042652 10.5216 -0.0119215 0.0134841 0.999838 1.0747
0.467634 -0.883704 0.0196544 6.1618 0.883815 0.467808 0.00520645 11.3419 -0.0137955 0.0149362 0.999793 1.05398
0.468991 -0.882999 0.0189763 6.5998 0.883159 0.469074 -0.000100825 12.1783 -0.00881225 0.0168063 0.99982 1.07312
0.470124 -0.882493 0.0137516 7.06572 0.8826 0.470067 -0.00733678 13.0656 1.05132e-05 0.0155863 0.999879 1.0935
0.470985 -0.882023 0.0144475 7.49071 0.882122 0.471019 -0.0011966 13.874 -0.00574964 0.0133081 0.999895 1.11361
0.470875 -0.882071 0.0151107 7.96168 0.882165 0.47094 0.000846019 14.7493 -0.00786247 0.0129317 0.999885 1.11838
0.469886 -0.882485 0.0206422 8.42749 0.88262 0.470065 0.00457979 15.6437 -0.0137448 0.0160672 0.999776 1.08452
0.468683 -0.882802 0.0315758 8.8817 0.883256 0.468891 -0.000920068 16.5031 -0.0139933 0.0283207 0.999501 1.07982
0.467279 -0.883408 0.0352318 9.37001 0.884087 0.467184 -0.0113758 17.402 -0.00641025 0.0364637 0.999314 1.0699
0.466235 -0.883948 0.0355035 9.81638 0.884637 0.466143 -0.0113308 18.2124 -0.0065339 0.0366905 0.999305 1.06036
0.463322 -0.886033 0.0166838 10.7596 0.886153 0.463048 -0.0178831 20.0143 0.00811962 0.02307 0.999701 1.08737
0.46292 -0.886111 0.0226229 11.2049 0.886386 0.462906 -0.00616636 20.8803 -0.00500818 0.0229071 0.999725 1.08399
0.461476 -0.886877 0.0221136 11.6926 0.887134 0.461485 -0.00498334 21.8425 -0.00578548 0.0219174 0.999743 1.07688
0.461098 -0.886972 0.0258784 12.1369 0.887257 0.461274 0.000939653 22.721 -0.0127705 0.0225276 0.999665 1.06991
0.460684 -0.887155 0.026947 12.5865 0.887439 0.460916 0.00279238 23.5948 -0.0148976 0.0226274 0.999633 1.07766
0.459909 -0.887603 0.0253895 13.0584 0.88786 0.460108 0.00230337 24.5482 -0.0137264 0.021483 0.999675 1.07249
0.459764 -0.887563 0.0291269 13.4957 0.887865 0.460079 0.00485859 25.3991 -0.017713 0.0236269 0.999564 1.05752
0.459946 -0.887415 0.0307317 13.9768 0.887821 0.460189 0.000923201 26.3116 -0.0149616 0.0268596 0.999527 1.0494
0.460299 -0.887297 0.0287936 14.4096 0.887649 0.460519 0.00115015 27.1741 -0.0142805 0.0250292 0.999585 1.02925
0.459988 -0.887565 0.0252755 14.879 0.887861 0.46011 -0.00111771 28.1026 -0.0106375 0.0229553 0.99968 1.02665
0.458056 -0.888366 0.0314784 15.7769 0.888736 0.458399 0.00426611 29.8636 -0.0182195 0.0260219 0.999495 1.024
0.457665 -0.888499 0.0333541 16.2166 0.88899 0.457927 0.000221319 30.7048 -0.0154704 0.0295502 0.999444 1.01087
0.457014 -0.889139 0.0238742 16.6865 0.889444 0.457 -0.00636257 31.6384 -0.00525327 0.0241425 0.999695 1.03422
0.456879 -0.889299 0.0202089 17.1222 0.889501 0.456927 -0.0024048 32.5035 -0.00709541 0.0190745 0.999793 1.06027
0.456611 -0.889417 0.0210784 17.5755 0.88961 0.456721 0.000460839 33.3823 -0.0100368 0.0185411 0.999778 1.0634
0.456491 -0.889336 0.0263902 18.0347 0.889644 0.456654 0.000145508 34.2785 -0.0121806 0.0234115 0.999652 1.06597
0.456375 -0.889282 0.0299773 18.4606 0.889668 0.456606 0.000990632 35.1143 -0.0145688 0.0262177 0.99955 1.04796
0.456182 -0.889349 0.030923 18.9119 0.889809 0.456326 -0.00265614 35.9852 -0.0117487 0.0287272 0.999518 1.03053
0.455773 -0.889528 0.0317807 19.3524 0.890022 0.455905 -0.0033854 36.8451 -0.0114776 0.0298285 0.999489 1.04174
0.454948 -0.889885 0.0335747 19.7868 0.890404 0.455171 -0.00112295 37.696 -0.0142829 0.0304059 0.999436 1.04998
0.454214 -0.890207 0.034929 20.2233 0.890778 0.454436 -0.00176871 38.5739 -0.0142985 0.0319174 0.999388 1.0643
0.453433 -0.890373 0.0404167 20.6587 0.891069 0.453866 0.00172418 39.4277 -0.0198789 0.0352322 0.999181 1.0759
0.452733 -0.890651 0.0421043 21.0821 0.891385 0.453239 0.00281531 40.2771 -0.0215908 0.0362566 0.999109 1.06767
0.451954 -0.89119 0.0389678 21.515 0.891896 0.452238 -0.0016982 41.1647 -0.0161093 0.0355227 0.999239 1.03551
0.450718 -0.891807 0.039169 21.913 0.892511 0.451025 -0.00109674 41.9393 -0.0166881 0.0354531 0.999232 0.996033
0.450023 -0.892371 0.033945 22.3171 0.892966 0.450077 -0.00647573 42.7695 -0.00949911 0.033226 0.999403 1.01614
0.448987 -0.893133 0.0269065 22.7532 0.893522 0.448955 -0.00758337 43.6703 -0.00530683 0.0274464 0.999609 1.03106
0.448363 -0.893521 0.0243151 23.1548 0.893821 0.448406 -0.00396038 44.4838 -0.00736433 0.023509 0.999696 1.04626
0.445687 -0.895 0.0183734 23.9298 0.895175 0.445471 -0.0147545 46.0492 0.00502042 0.0230233 0.999722 1.04398
0.444909 -0.895288 0.0226827 24.2841 0.895538 0.44498 -0.00209184 46.7673 -0.00822057 0.0212439 0.999741 1.04638
0.443395 -0.896049 0.0222876 24.6874 0.896292 0.44346 -0.00219484 47.5793 -0.00791698 0.0209494 0.999749 1.05631
0.442259 -0.896585 0.0232982 25.0379 0.896808 0.442417 0.00183651 48.3083 -0.0119541 0.0200817 0.999727 1.06776
0.441145 -0.897088 0.0249738 25.3912 0.897336 0.441341 0.00268445 49.0302 -0.0134301 0.0212256 0.999684 1.0641
0.440072 -0.897642 0.0239759 25.7264 0.89786 0.440269 0.00338277 49.7448 -0.0135923 0.0200383 0.999707 1.06643
0.438606 -0.89839 0.0228258 26.0884 0.898551 0.438831 0.00573735 50.4989 -0.015171 0.0179937 0.999723 1.06434
0.437202 -0.899083 0.0224647 26.4121 0.899135 0.437517 0.0115944 51.1813 -0.020253 0.0151297 0.99968 1.06821
0.435692 -0.899813 0.0225869 26.7282 0.899919 0.435967 0.00891823 51.8391 -0.0178719 0.0164408 0.999705 1.04984
0.434885 -0.900236 0.0212203 27.0296 0.900441 0.434977 -0.000303653 52.5189 -0.008957 0.0192397 0.999775 1.0303
0.433694 -0.900794 0.0218863 27.3361 0.901052 0.433668 -0.00614667 53.1704 -0.00395451 0.0223865 0.999742 1.03789
0.433298 -0.901079 0.0176133 27.6266 0.90125 0.433241 -0.00709265 53.795 -0.00123977 0.0189472 0.99982 1.0781
0.43269 -0.901422 0.0147747 27.9515 0.901532 0.432708 -0.00210802 54.4555 -0.00449292 0.014232 0.999889 1.08931
0.43161 -0.901934 0.0151105 28.2186 0.902021 0.431687 0.00209186 55.053 -0.00840971 0.0127271 0.999884 1.08957
0.430638 -0.902338 0.0183685 28.5017 0.902503 0.430679 -0.00181933 55.6393 -0.00626928 0.0173611 0.99983 1.07846
0.430618 -0.90225 0.0226566 28.7647 0.902532 0.430535 -0.00868611 56.1676 -0.00191741 0.0241887 0.999706 1.08296
0.431796 -0.901671 0.0232458 29.0425 0.90196 0.43152 -0.0160753 56.7384 0.00446356 0.027908 0.9996 1.08884
0.434264 -0.900511 0.0222471 29.2932 0.900779 0.434031 -0.0146499 57.2652 0.0035365 0.0264016 0.999645 1.11287
0.43789 -0.898857 0.0175421 29.5281 0.899026 0.437762 -0.0107909 57.7816 0.00202022 0.0204961 0.999788 1.11531
0.442327 -0.896726 0.0151662 29.7921 0.896853 0.442234 -0.0091583 58.3257 0.00150545 0.0176528 0.999843 1.10757
0.446727 -0.894439 0.0203403 30.0317 0.89466 0.446718 -0.00520649 58.764 -0.00442949 0.0205235 0.99978 1.12057
0.453888 -0.890691 0.025588 30.2859 0.891017 0.453959 -0.00330429 59.2813 -0.00867278 0.0242991 0.999667 1.12089
0.462838 -0.885977 0.0287349 30.5112 0.886346 0.463024 -0.000200405 59.762 -0.0131274 0.0255618 0.999587 1.12151
0.475498 -0.87934 0.0257577 30.7706 0.879612 0.475689 0.00151136 60.2018 -0.0135817 0.0219381 0.999667 1.12856
0.490786 -0.871056 0.0197619 31.0215 0.871205 0.490915 0.0019725 60.6238 -0.0114196 0.0162486 0.999803 1.12634
0.511629 -0.858967 0.0202835 31.2957 0.859126 0.511761 0.00158554 61.035 -0.0117423 0.0166149 0.999793 1.12782
0.537571 -0.842876 0.0240174 31.5209 0.843126 0.537716 -0.000486335 61.3873 -0.0125046 0.0205111 0.999711 1.12188
0.562848 -0.826096 0.0277132 31.732 0.826396 0.563088 0.00103848 61.7082 -0.0164628 0.0223175 0.999615 1.11986
0.592103 -0.805406 0.0271385 31.9879 0.805689 0.592338 0.000820885 62.076 -0.0167363 0.0213791 0.999631 1.12915
0.62015 -0.783933 0.0293852 32.2484 0.784161 0.620534 0.00543675 62.4186 -0.0224965 0.0196711 0.999553 1.13301
0.655403 -0.754697 0.0296535 32.5604 0.754925 0.655793 0.00489587 62.7318 -0.0231415 0.0191774 0.999548 1.11872
0.689669 -0.72359 0.0278219 32.8708 0.723745 0.690043 0.0058611 63.009 -0.0234393 0.0160937 0.999596 1.10628
0.728898 -0.684146 0.0255242 33.2102 0.684298 0.729194 0.00356524 63.3157 -0.0210512 0.0148674 0.999668 1.09503
0.763118 -0.64574 0.0258862 33.5039 0.645853 0.763446 0.00485014 63.5444 -0.0228947 0.0130175 0.999653 1.10182
0.800311 -0.599078 0.0246429 33.8346 0.599197 0.800596 0.00305426 63.7639 -0.0215587 0.0123216 0.999692 1.10224
0.834649 -0.550248 0.0242566 34.1688 0.550331 0.834939 0.0037394 63.9295 -0.0223104 0.0102281 0.999699 1.08891
0.901777 -0.431755 0.019636 34.8921 0.432035 0.90176 -0.0131929 64.242 -0.0120108 0.0203805 0.99972 1.04606
0.925593 -0.377818 0.0230308 35.2217 0.377989 0.925804 -0.0034139 64.3526 -0.0200322 0.0118653 0.999729 1.03326
0.949098 -0.314103 0.0234922 35.608 0.314224 0.949347 -0.00159206 64.4709 -0.0218022 0.00889285 0.999723 1.02611
0.965908 -0.257456 0.0271514 35.9756 0.257517 0.966273 0.0012658 64.5991 -0.0265615 0.0057693 0.999631 1.01644
0.980535 -0.194141 0.029339 36.3857 0.194071 0.980974 0.00522659 64.7142 -0.0297955 0.000568999 0.999556 1.00456
0.990328 -0.135585 0.0294486 36.7812 0.135606 0.990762 0.00128247 64.801 -0.0293505 0.00272335 0.999565 0.99456
0.996746 -0.0750888 0.0293166 37.2088 0.075107 0.997175 0.000480099 64.8832 -0.0292698 0.00172334 0.99957 0.997679
0.999389 -0.0192257 0.0291856 37.6102 0.0192574 0.999814 -0.000801472 64.9455 -0.0291648 0.00136302 0.999574 0.998794
0.999053 0.0322013 0.0292658 37.989 -0.0321662 0.999481 -0.00166686 64.9882 -0.0293043 0.000723908 0.99957 0.996015
0.996115 0.0850713 0.0227585 38.2888 -0.0849868 0.996371 -0.00465265 64.768 -0.0230717 0.0027004 0.99973 0.987003
0.991554 0.127511 0.0237079 38.5875 -0.127394 0.991832 -0.00637332 64.608 -0.0243269 0.00329925 0.999699 0.956539
0.98511 0.170147 0.0246796 38.9627 -0.16986 0.985378 -0.0133012 64.486 -0.0265819 0.00891103 0.999607 0.94761
0.977899 0.207284 0.0273372 39.3497 -0.206857 0.978212 -0.0176275 64.4026 -0.0303955 0.011583 0.999471 0.955564
0.970184 0.240641 0.028887 39.7371 -0.240317 0.97059 -0.0142619 64.3779 -0.0314695 0.00689465 0.999481 0.970181
0.96194 0.271749 0.0287055 40.1239 -0.271652 0.962368 -0.00728191 64.3501 -0.0296041 -0.000793139 0.999561 0.973605
0.953703 0.299741 0.0246187 40.5345 -0.299893 0.953969 0.00265616 64.2648 -0.0226894 -0.00991617 0.999693 0.953192
0.945867 0.323836 0.0215649 40.9146 -0.323987 0.946054 0.00381032 64.1663 -0.0191676 -0.0105908 0.99976 0.908409
0.937246 0.348353 0.0148726 41.3462 -0.34849 0.93728 0.00786015 64.0324 -0.0112017 -0.0125498 0.999858 0.813562
0.9302 0.366812 0.0132619 41.7244 -0.366897 0.93025 0.0045804 63.9193 -0.0106568 -0.00912645 0.999902 0.7234
0.923326 0.383965 0.00633827 42.1098 -0.383979 0.923341 0.00111415 63.7115 -0.00542459 -0.00346248 0.999979 0.785276
0.916139 0.40086 0.000230225 42.507 -0.400858 0.916138 -0.00189606 63.472 -0.000970969 0.00164476 0.999998 0.891526
0.902544 0.430346 -0.0147347 43.3659 -0.430137 0.902632 0.0153806 63.0229 0.019919 -0.00754373 0.999773 0.921272
0.897636 0.440625 0.010002 43.7492 -0.440634 0.897686 -0.00137214 62.8313 -0.00958326 -0.00317554 0.999949 0.902164
0.891774 0.452425 0.00709565 44.2351 -0.452404 0.891802 -0.00447078 62.5596 -0.0083506 0.000776831 0.999965 0.876455
0.887186 0.461291 0.0105599 44.6941 -0.461185 0.887236 -0.0110226 62.3083 -0.0144537 0.00490901 0.999883 0.856718
0.882849 0.469556 0.00973143 45.1752 -0.469436 0.88288 -0.0123918 62.0804 -0.0144103 0.00637182 0.999876 0.838194
0.879288 0.476237 0.00710123 45.6708 -0.476161 0.879299 -0.0101537 61.8374 -0.0110797 0.00554674 0.999923 0.818628
0.876596 0.481158 0.00812029 46.1295 -0.481071 0.876617 -0.0106763 61.6035 -0.0122554 0.00545241 0.99991 0.798069
0.874016 0.485866 0.00555464 46.6702 -0.485808 0.874017 -0.00916188 61.2823 -0.00930629 0.00530914 0.999943 0.790082
0.871982 0.489526 0.00345979 47.2262 -0.489495 0.871977 -0.00712612 60.9572 -0.00650528 0.0045203 0.999969 0.78803
0.870525 0.492074 0.00698831 47.7497 -0.492011 0.870542 -0.0090318 60.648 -0.0105279 0.00442409 0.999935 0.780034
0.868965 0.494789 0.00920558 48.2682 -0.494709 0.869005 -0.00971337 60.3341 -0.0128058 0.00388649 0.99991 0.75703
0.868057 0.496463 0.00134928 48.89 -0.496453 0.868052 -0.00436734 59.9727 -0.00333947 0.00312125 0.99999 0.736492
0.867334 0.497682 0.0065878 49.4177 -0.497617 0.867346 -0.0094036 59.6805 -0.0103939 0.00487786 0.999934 0.711962
0.867457 0.497511 0.000449892 50.0482 -0.497496 0.867437 -0.00718595 59.3278 -0.00396534 0.00600968 0.999974 0.679008
0.868452 0.495769 0.00190396 50.6545 -0.495649 0.868315 -0.0189924 59.0002 -0.0110691 0.0155503 0.999818 0.657196
0.870372 0.492391 -0.00210365 51.3241 -0.492324 0.870164 -0.0207854 58.6454 -0.00840401 0.0191267 0.999782 0.639359
0.872199 0.489147 -0.00196528 51.9568 -0.489052 0.871934 -0.0236603 58.3056 -0.00985977 0.0215976 0.999718 0.627217
0.874711 0.484596 -0.00691059 52.6548 -0.484628 0.874469 -0.0209767 57.9308 -0.0041221 0.0216976 0.999756 0.614789
0.876921 0.480597 -0.00594793 53.3191 -0.48061 0.876687 -0.0208275 57.5719 -0.00479516 0.0211227 0.999765 0.607165
0.878928 0.476954 -1.56071e-05 54.0043 -0.47685 0.878736 -0.0209127 57.2091 -0.00996066 0.0183882 0.999781 0.587575
0.880916 0.473257 0.0038763 54.6889 -0.47309 0.880773 -0.0206226 56.8443 -0.0131739 0.0163329 0.99978 0.571966
0.883205 0.468978 -0.00287604 55.4409 -0.468962 0.88308 -0.0155914 56.4346 -0.00477227 0.0151192 0.999874 0.554597
0.884692 0.466175 -0.000814483 56.1206 -0.466092 0.8845 -0.020455 56.0543 -0.00881518 0.018476 0.99979 0.549055
0.885569 0.464507 -0.000760986 56.8262 -0.464448 0.885427 -0.0175307 55.6836 -0.00746933 0.0158781 0.999846 0.567294
0.885657 0.464339 0.000995643 57.5474 -0.464291 0.885593 -0.0125848 55.3177 -0.00672535 0.0106836 0.99992 0.580135
0.885519 0.464586 -0.00409512 58.3352 -0.4646 0.885512 -0.00387736 54.9334 0.00182492 0.00533607 0.999984 0.580046
0.885041 0.4655 0.00348044 59.0503 -0.465496 0.885048 -0.00192611 54.5737 -0.00397696 8.45538e-05 0.999992 0.568259
0.884931 0.465707 -0.00379876 59.7993 -0.465708 0.884938 0.000742473 54.1881 0.00370745 0.00111208 0.999992 0.558181
0.885088 0.465414 0.00312395 60.5025 -0.465412 0.885093 -0.00148384 53.8127 -0.00345559 -0.0001406 0.999994 0.562603
0.885785 0.463852 -0.0150324 61.9681 -0.46385 0.885905 0.00379905 53.0499 0.0150795 0.00360765 0.99988 0.557846
0.885409 0.464798 0.0037809 62.6561 -0.464804 0.885413 0.000956073 52.6974 -0.00290327 -0.00260389 0.999992 0.558257
0.884563 0.466419 -0.00110154 63.424 -0.466404 0.88455 0.00628636 52.3177 0.00390645 -0.00504693 0.99998 0.553014
0.8829 0.469479 0.00870976 64.104 -0.469531 0.8829 0.00529461 51.9868 -0.00520414 -0.00876412 0.999948 0.560432
0.880376 0.474199 0.00856909 64.8778 -0.474269 0.880319 0.0103944 51.6096 -0.00261449 -0.0132151 0.999909 0.576778
0.877106 0.480143 0.0121262 65.6227 -0.480264 0.877059 0.0106743 51.2167 -0.00551016 -0.0151863 0.999869 0.582526
0.873487 0.486584 0.0159973 66.3446 -0.486739 0.873515 0.00760785 50.8194 -0.010272 -0.0144318 0.999843 0.584586
0.86918 0.494206 0.0169236 67.0378 -0.494351 0.869244 0.00561762 50.4204 -0.0119345 -0.0132489 0.999841 0.584628
0.863754 0.503856 0.00761731 67.7694 -0.5039 0.863742 0.00585076 49.9937 -0.00363145 -0.00889198 0.999954 0.572995
0.858825 0.512059 0.0146693 68.4087 -0.512173 0.858866 0.00530251 49.6289 -0.00988375 -0.0120671 0.999878 0.56986
0.852537 0.52262 0.00706941 69.1255 -0.522667 0.852479 0.00993785 49.2028 -0.000832802 -0.0121673 0.999926 0.571244
0.846744 0.531733 0.0168558 69.7522 -0.53191 0.84676 0.00838738 48.7953 -0.00981292 -0.0160677 0.999823 0.59542
0.840303 0.541979 0.0121853 70.4661 -0.542069 0.840315 0.00563907 48.3375 -0.00718322 -0.0113438 0.99991 0.590651
0.834392 0.551035 0.0122917 71.1445 -0.551116 0.834417 0.00434142 47.8971 -0.00786412 -0.0103966 0.999915 0.570453
0.829114 0.558869 0.0153452 71.7743 -0.558997 0.829151 0.00555237 47.47 -0.00962043 -0.0131815 0.999867 0.576298
0.82359 0.566939 0.0167309 72.4125 -0.567105 0.823613 0.00736881 47.0372 -0.00960214 -0.0155571 0.999833 0.584827
0.817235 0.57619 0.011466 73.0397 -0.57629 0.817194 0.00913398 46.6255 -0.00410706 -0.0140724 0.999893 0.573868
0.811445 0.584324 0.0110692 73.6271 -0.584413 0.811416 0.00807587 46.2329 -0.00426282 -0.0130221 0.999906 0.561899
0.805843 0.592057 0.00921659 74.2371 -0.592125 0.805799 0.00876312 45.7954 -0.00223845 -0.0125191 0.999919 0.581823
0.800843 0.598703 0.0143247 74.806 -0.598838 0.800829 0.00813442 45.3516 -0.00660149 -0.0150925 0.999864 0.583182
0.795818 0.605478 0.00838389 75.442 -0.605526 0.795808 0.00529954 44.8569 -0.0034632 -0.00929413 0.999951 0.591538
0.792197 0.610113 0.0136489 76.0159 -0.610198 0.792243 0.00289717 44.428 -0.00904563 -0.0106237 0.999903 0.578841
0.789962 0.613119 0.00666955 76.5964 -0.613138 0.789975 0.00109062 43.9782 -0.00460009 -0.0049509 0.999977 0.557548
0.788086 0.615451 0.0118248 77.1269 -0.615454 0.788164 -0.00381813 43.5568 -0.0116697 -0.00426861 0.999923 0.539476
0.786752 0.617153 0.011941 77.6924 -0.617141 0.786836 -0.00509217 43.1251 -0.0125382 -0.00336299 0.999916 0.526429
0.785953 0.618149 0.0130306 78.2253 -0.618098 0.786059 -0.0080872 42.7085 -0.0152419 -0.00169801 0.999882 0.51448
0.785946 0.618186 0.0116162 78.7611 -0.618121 0.786032 -0.00896976 42.3014 -0.0146757 -0.000130469 0.999892 0.511977
0.788573 0.614916 0.00551897 79.2383 -0.614882 0.78859 -0.00672893 41.892 -0.00848993 0.00191273 0.999962 0.544806
0.791889 0.610645 0.00503949 79.7019 -0.610604 0.791899 -0.00769164 41.5198 -0.00868762 0.00301379 0.999958 0.563046
0.795571 0.605831 0.00591704 80.1699 -0.605771 0.795583 -0.00942732 41.1629 -0.0104189 0.00391574 0.999938 0.579698
0.802317 0.596873 -0.00553921 80.6736 -0.596893 0.802236 -0.011684 40.8104 -0.00253009 0.0126806 0.999916 0.606699
0.809259 0.587407 -0.00732262 81.1219 -0.587428 0.809048 -0.0192332 40.495 -0.00537337 0.0198662 0.999788 0.629926
0.818517 0.574349 -0.0123623 81.5815 -0.574477 0.818228 -0.0219126 40.1792 -0.0024703 0.0250377 0.999683 0.645443
0.830535 0.556817 -0.0128908 81.9863 -0.556966 0.830306 -0.0195148 39.9102 -0.000162885 0.0233875 0.999726 0.628238
0.8432 0.537522 -0.00914216 82.3914 -0.537598 0.843035 -0.0167313 39.6629 -0.00128628 0.0190227 0.999818 0.620294
0.858511 0.512542 -0.0161146 82.8632 -0.512718 0.858503 -0.0096308 39.4001 0.00889825 0.0165304 0.999824 0.620912
0.873161 0.487344 -0.00926471 83.3347 -0.487416 0.873128 -0.00852061 39.1734 0.00393681 0.0119556 0.999921 0.653066
0.889192 0.457482 -0.00684742 83.8411 -0.457531 0.88914 -0.00974145 38.9472 0.00163178 0.0117949 0.999929 0.666366
0.907071 0.420922 -0.00679784 84.3565 -0.420972 0.907024 -0.00949108 38.7612 0.0021708 0.0114708 0.999932 0.67115
0.924943 0.380106 0.000160195 84.7843 -0.380075 0.924874 -0.0122464 38.6231 -0.00480308 0.0112663 0.999925 0.647982
0.943865 0.33033 -0.000201289 85.2578 -0.330322 0.943836 -0.00780463 38.5147 -0.00238812 0.00743301 0.99997 0.63679
0.959023 0.283245 0.00684688 85.7273 -0.283169 0.959014 -0.0103297 38.4498 -0.00949208 0.00796756 0.999923 0.654816
0.973903 0.226952 0.00226862 86.2366 -0.22693 0.973883 -0.00737615 38.3838 -0.0038834 0.00666884 0.99997 0.67433
0.985596 0.169117 -0.000634493 86.7094 -0.169115 0.985547 -0.00981576 38.3496 -0.00103469 0.00978167 0.999952 0.68092
0.993928 0.110036 0.000115341 87.1529 -0.110021 0.993804 -0.0157659 38.3492 -0.00184944 0.0156574 0.999876 0.701499
0.999318 0.0343841 -0.013434 87.6639 -0.0345838 0.99929 -0.0149275 38.376 0.0129112 0.0153819 0.999798 0.733918
0.999489 -0.0301538 -0.010632 88.0983 0.0299513 0.999376 -0.0187085 38.4376 0.0111895 0.0183805 0.999768 0.756617
0.993961 -0.108181 -0.018387 88.6114 0.107916 0.99405 -0.0148103 38.5214 0.0198797 0.0127366 0.999721 0.764952
0.984307 -0.175727 -0.0161329 89.0653 0.175455 0.984342 -0.0169341 38.636 0.0188561 0.0138378 0.999726 0.755361
0.967767 -0.250815 -0.0227858 89.5471 0.250491 0.967984 -0.0161481 38.7707 0.0261065 0.00991997 0.99961 0.738774
0.949969 -0.312055 -0.0134059 89.9465 0.311796 0.949971 -0.0183892 38.9278 0.0184737 0.0132893 0.999741 0.737998
0.92419 -0.381681 -0.0138505 90.4063 0.381527 0.924273 -0.012533 39.1561 0.0175852 0.00629852 0.999826 0.747133
0.897629 -0.440733 -0.0040939 90.8356 0.440692 0.897621 -0.00820037 39.4203 0.00728895 0.00555674 0.999958 0.758811
0.870245 -0.492598 0.00454175 91.2204 0.492619 0.8702 -0.00892986 39.6619 0.000446601 0.0100085 0.99995 0.766276
0.836475 -0.547987 0.0044983 91.6308 0.548 0.836474 -0.00267121 39.9493 -0.00229892 0.00469946 0.999986 0.783669
0.804404 -0.594082 0.000778163 91.9768 0.594082 0.804404 -0.000576481 40.2186 -0.000283478 0.00092601 1 0.789179
0.780387 -0.625254 0.00729589 92.2872 0.625227 0.780421 0.00588733 40.4756 -0.00937494 -3.28124e-05 0.999956 0.805395
0.754798 -0.655953 -0.00220791 92.706 0.655956 0.754786 0.00438913 40.7651 -0.00121256 -0.0047612 0.999988 0.815519
0.736886 -0.676016 -0.000947978 93.0487 0.676002 0.73686 0.0076397 41.0435 -0.00446604 -0.00627043 0.99997 0.809098
0.720788 -0.693148 0.00317159 93.3787 0.693117 0.720789 0.00720176 41.3414 -0.00727793 -0.00299266 0.999969 0.801198
0.706056 -0.708156 0.000128053 93.7687 0.708156 0.706056 0.000771386 41.6883 -0.000636674 -0.00045396 1 0.802314
0.701001 -0.713142 0.00512842 94.104 0.713125 0.70102 0.0048511 42.0073 -0.00705464 0.000256578 0.999975 0.840755
0.695184 -0.718832 -0.000490503 94.4492 0.718804 0.695151 0.00930286 42.4188 -0.00634622 -0.00681978 0.999957 0.871258
0.690716 -0.723096 -0.00660379 94.7586 0.723109 0.690607 0.0132478 42.8215 -0.00501881 -0.0139257 0.99989 0.896503
0.688031 -0.725625 -0.00901626 95.0768 0.725665 0.687882 0.0150799 43.2052 -0.00474023 -0.0169182 0.999846 0.926322
0.68677 -0.72683 -0.00804112 95.4258 0.726866 0.686666 0.0124739 43.5756 -0.00354485 -0.0144115 0.99989 0.965586
0.687643 -0.725932 -0.0130356 95.8249 0.726019 0.687667 0.00324106 43.9846 0.00661135 -0.0116928 0.99991 0.998853
0.691183 -0.722597 -0.0109704 96.1994 0.722636 0.691228 -0.000497703 44.3915 0.00794266 -0.00758357 0.99994 1.00966
0.694782 -0.719162 -0.00920594 96.5664 0.719172 0.694827 -0.002707 44.7787 0.0083433 -0.00473989 0.999954 1.01499
0.698354 -0.715502 -0.0189201 97.0018 0.715585 0.698519 -0.00316358 45.234 0.0154796 -0.0113296 0.999816 1.01746
0.701924 -0.712007 -0.0186505 97.4101 0.712199 0.70195 0.00625854 45.652 0.00863558 -0.0176759 0.999806 1.00703
0.705425 -0.708572 -0.0173707 97.8745 0.708758 0.705398 0.00869473 46.1042 0.00609244 -0.0184451 0.999811 1.04539
0.70835 -0.70575 -0.0125294 98.3031 0.705858 0.70818 0.0156373 46.5422 -0.00216294 -0.0199206 0.999799 1.05993
0.711916 -0.7021 -0.015208 98.7596 0.702234 0.711513 0.0248486 47.0137 -0.00662555 -0.0283697 0.999576 1.0407
0.714691 -0.699356 -0.0108303 99.1802 0.699292 0.714135 0.0316396 47.4032 -0.0143931 -0.0301861 0.999441 1.03114
0.715769 -0.698141 -0.0165425 99.7073 0.698311 0.715334 0.025683 47.9113 -0.00609694 -0.0299349 0.999533 1.0015
0.715317 -0.698654 -0.0142629 100.166 0.69877 0.714948 0.0238606 48.3504 -0.00647313 -0.0270344 0.999614 1.01077
0.714336 -0.699553 -0.0186876 100.668 0.6998 0.71415 0.0163765 48.8471 0.00188952 -0.024776 0.999691 1.02547
0.712491 -0.701321 -0.0224729 101.164 0.701641 0.712427 0.0121467 49.3492 0.00749154 -0.0244224 0.999674 1.03105
0.71061 -0.703306 -0.0198539 101.628 0.703567 0.710517 0.0126513 49.8191 0.00520876 -0.0229587 0.999723 1.03368
0.708719 -0.705292 -0.016758 102.143 0.705491 0.708517 0.0169458 50.3311 -7.83792e-05 -0.0238324 0.999716 1.03025
0.706554 -0.707417 -0.0185315 102.713 0.707659 0.706279 0.0197175 50.8903 -0.000860128 -0.0270455 0.999634 1.05761
0.705189 -0.708919 -0.0119491 103.194 0.708929 0.704728 0.0278826 51.3776 -0.0113457 -0.0281336 0.99954 1.07158
0.704166 -0.709907 -0.0134647 103.698 0.709951 0.703664 0.0287434 51.9016 -0.0109305 -0.0297994 0.999496 1.08046
0.701753 -0.712082 -0.0219484 104.239 0.71242 0.701404 0.0221102 52.4843 -0.000349572 -0.0311523 0.999515 1.0899
0.69936 -0.714332 -0.0250015 104.762 0.714768 0.699002 0.0224183 53.0411 0.00146204 -0.0335488 0.999436 1.07324
0.695997 -0.717383 -0.0308167 105.355 0.71802 0.695686 0.0216378 53.6473 0.00591617 -0.0371869 0.999291 1.08196
0.693576 -0.719898 -0.0264438 105.894 0.720383 0.693141 0.0245837 54.1972 0.000631571 -0.0361003 0.999348 1.09262
0.688297 -0.724411 -0.0384044 107.07 0.72518 0.688482 0.0102899 55.42 0.0189866 -0.0349326 0.999209 1.10521
0.688905 -0.724625 -0.0181026 107.606 0.724845 0.68858 0.0213788 55.9745 -0.00302653 -0.0278495 0.999608 1.11678
0.689051 -0.724538 -0.0158915 108.222 0.7247 0.688744 0.0210392 56.624 -0.00429853 -0.0260137 0.999652 1.09735
0.689503 -0.724169 -0.0127924 108.765 0.724233 0.689144 0.0237976 57.22 -0.00841769 -0.0256733 0.999635 1.09232
0.690091 -0.723545 -0.0160578 109.319 0.723684 0.689653 0.0257039 57.8269 -0.00752362 -0.0293588 0.999541 1.10092
0.690987 -0.722554 -0.0212968 109.885 0.72285 0.690464 0.0273291 58.4519 -0.00504206 -0.0342784 0.9994 1.10658
0.691966 -0.721266 -0.0309623 110.475 0.72193 0.691323 0.0298281 59.0819 -0.000109063 -0.0429926 0.999075 1.09638
0.693916 -0.719348 -0.0319264 111.048 0.720033 0.69286 0.0386868 59.6786 -0.00570871 -0.0498334 0.998741 1.08051
0.696691 -0.716268 -0.0397741 111.654 0.717359 0.695934 0.032751 60.3324 0.00422166 -0.0513496 0.998672 1.08233
0.698291 -0.714971 -0.0347219 112.203 0.715811 0.697323 0.036819 60.9151 -0.00211211 -0.0505647 0.998719 1.10931
0.70003 -0.713499 -0.0296143 112.879 0.714113 0.699383 0.0301023 61.605 -0.000766244 -0.0422205 0.999108 1.13507
0.699699 -0.714028 -0.0241917 113.458 0.714429 0.699115 0.0288031 62.1877 -0.00365342 -0.0374367 0.999292 1.14082
0.699823 -0.713992 -0.0215263 114.103 0.714309 0.699364 0.0255286 62.8466 -0.00317247 -0.033242 0.999442 1.14221
0.701224 -0.712596 -0.022154 114.678 0.712911 0.700573 0.0308968 63.4407 -0.00649643 -0.0374594 0.999277 1.14434
0.702211 -0.711481 -0.0263594 115.319 0.711958 0.701515 0.0315095 64.1055 -0.00392684 -0.0408931 0.999156 1.14014
0.703142 -0.710734 -0.0211658 115.875 0.710849 0.701926 0.0446503 64.6881 -0.0168776 -0.0464412 0.998778 1.12464
0.703327 -0.710465 -0.0238663 116.497 0.710796 0.702391 0.0376193 65.3284 -0.00996375 -0.0434227 0.999007 1.12003
0.703909 -0.70985 -0.0250209 117.049 0.710288 0.703377 0.0274291 65.857 -0.00187142 -0.0370796 0.999311 1.1059
0.702409 -0.711001 -0.0331557 118.291 0.711126 0.702995 -0.00992651 67.1158 0.030366 -0.0166054 0.999401 1.1531
0.701778 -0.712124 -0.0196755 118.843 0.712391 0.7014 0.0231931 67.6711 -0.00271599 -0.0302931 0.999537 1.15045
0.699997 -0.714144 -0.00177141 119.535 0.713694 0.699464 0.0373083 68.3776 -0.0254045 -0.02738 0.999302 1.13551
0.699515 -0.714618 -0.000135472 120.044 0.714038 0.69894 0.0404048 68.8855 -0.0287793 -0.0283605 0.999183 1.12948
0.698727 -0.715271 -0.0129617 120.606 0.715243 0.698104 0.0328334 69.4977 -0.0144361 -0.0322123 0.999377 1.11764
0.697894 -0.715866 -0.0219057 121.192 0.716198 0.697655 0.0183978 70.1001 0.00211222 -0.0285286 0.999591 1.13438
0.696762 -0.716869 -0.0249326 121.73 0.7173 0.696427 0.0216912 70.6544 0.00181399 -0.0329978 0.999454 1.14562
0.694676 -0.718954 -0.023012 122.378 0.719322 0.694303 0.0227643 71.3341 -0.000389197 -0.0323669 0.999476 1.12741
0.691676 -0.721994 -0.0175598 122.9 0.722199 0.691344 0.021737 71.9058 -0.00355416 -0.0277166 0.999609 1.13806
0.68892 -0.724724 -0.0128626 123.472 0.72482 0.68867 0.0192498 72.5062 -0.00509271 -0.0225847 0.999732 1.16846
0.68575 -0.72757 -0.0197038 124.026 0.727832 0.685597 0.0147656 73.1177 0.0027659 -0.0244666 0.999697 1.16925
0.68414 -0.729095 -0.0193053 124.564 0.729345 0.683793 0.0219664 73.7283 -0.00281478 -0.0291084 0.999572 1.18018
0.682774 -0.730407 -0.0180358 125.1 0.730588 0.682266 0.0274624 74.31 -0.00775344 -0.0319274 0.99946 1.17111
0.681559 -0.731503 -0.0195373 125.69 0.731734 0.681051 0.0270996 74.9421 -0.00651755 -0.0327661 0.999442 1.15616
0.681104 -0.732006 -0.01626 126.229 0.732082 0.680462 0.0320627 75.4951 -0.0124058 -0.0337417 0.999354 1.15167
0.679214 -0.733736 -0.0173272 126.79 0.733904 0.678753 0.0260858 76.1187 -0.00737917 -0.0304343 0.99951 1.18318
0.676178 -0.736512 -0.0182441 127.335 0.736737 0.675923 0.0186096 76.7224 -0.00137455 -0.0260245 0.99966 1.20927
0.671727 -0.740601 -0.017102 127.838 0.740796 0.671481 0.0182993 77.2957 -0.00206881 -0.0249613 0.999686 1.20074
0.665818 -0.745913 -0.0173387 128.362 0.746109 0.665547 0.0191878 77.9131 -0.00277273 -0.0257121 0.999666 1.18179
0.660384 -0.750803 -0.013682 128.925 0.75089 0.660057 0.0221225 78.5531 -0.00757869 -0.024883 0.999662 1.13926
0.657235 -0.753659 -0.00629595 129.46 0.753388 0.656718 0.0335879 79.1259 -0.0211792 -0.0268185 0.999416 1.16696
0.65408 -0.756419 -0.00298813 130.003 0.755959 0.653533 0.037706 79.7532 -0.0265687 -0.0269217 0.999284 1.16812
0.650923 -0.759127 -0.00501044 130.484 0.758693 0.650296 0.038722 80.3415 -0.0261366 -0.0290065 0.999237 1.15763
0.645961 -0.763337 -0.00709162 130.984 0.763141 0.645511 0.0305216 80.9632 -0.0187205 -0.0251277 0.999509 1.13619
0.640381 -0.767984 -0.0106456 131.488 0.768019 0.64015 0.0188176 81.5944 -0.00763681 -0.0202265 0.999766 1.15627
0.634578 -0.772732 -0.0139987 132.032 0.772856 0.634424 0.0141288 82.2791 -0.00203669 -0.0197848 0.999802 1.14878
0.629082 -0.777214 -0.0139348 132.525 0.777286 0.628731 0.0228732 82.9217 -0.00901616 -0.0252205 0.999641 1.10375
0.622925 -0.782127 -0.0155851 133.011 0.782214 0.622484 0.0256142 83.5554 -0.0103321 -0.0281466 0.99955 1.07967
0.61531 -0.788075 -0.0181916 133.513 0.788252 0.61491 0.0233311 84.211 -0.00720047 -0.0286955 0.999562 1.09042
0.599919 -0.799826 -0.0193901 134.525 0.799878 0.600124 -0.00686587 85.5755 0.0171279 -0.0113907 0.999788 1.12654
0.595053 -0.80336 -0.0229059 134.967 0.803679 0.594685 0.0212124 86.1905 -0.00341943 -0.0310315 0.999513 1.1109
0.587478 -0.80883 -0.0257311 135.485 0.809227 0.586994 0.0242827 86.9289 -0.00453658 -0.0350878 0.999374 1.11508
0.581775 -0.813124 -0.0191459 135.938 0.813126 0.580901 0.0371527 87.5534 -0.0190879 -0.0371825 0.999126 1.10077
0.576142 -0.81719 -0.0161394 136.425 0.817034 0.57526 0.0391316 88.2394 -0.0226936 -0.0357318 0.999104 1.08779
0.572394 -0.819807 -0.0167529 136.881 0.819621 0.571422 0.0412128 88.8851 -0.0242135 -0.037321 0.99901 1.06454
0.568382 -0.822451 -0.0227235 137.391 0.822667 0.567671 0.0311371 89.6322 -0.0127093 -0.0363917 0.999257 1.0829
0.566075 -0.82378 -0.0307303 137.809 0.824299 0.565218 0.0325373 90.2524 -0.00943429 -0.0437495 0.998998 1.08416
0.563497 -0.825347 -0.0356906 138.29 0.826118 0.562958 0.0246486 90.9697 -0.000251383 -0.0433741 0.999059 1.08234
0.561197 -0.826822 -0.0377228 138.728 0.827672 0.560387 0.0304119 91.6201 -0.00400588 -0.0482891 0.998825 1.08128
0.558714 -0.828608 -0.0353091 139.215 0.829309 0.557702 0.0348505 92.3744 -0.00918546 -0.0487536 0.998769 1.06868
0.55648 -0.83034 -0.0294126 139.665 0.830499 0.554844 0.049198 93.0618 -0.0245317 -0.0518049 0.998356 1.06061
0.552537 -0.833065 -0.026552 140.098 0.83304 0.550914 0.0503834 93.7181 -0.0273448 -0.0499576 0.998377 1.04876
0.547746 -0.836324 -0.0231598 140.555 0.836459 0.546832 0.0362068 94.4098 -0.0176161 -0.0392044 0.999076 1.02278
0.542196 -0.839943 -0.0228123 140.969 0.840144 0.541491 0.0307473 95.063 -0.0134733 -0.0358367 0.999267 1.04905
0.535709 -0.843967 -0.0271226 141.444 0.844382 0.535195 0.0242129 95.8212 -0.00591898 -0.0358729 0.999339 1.04142
0.53021 -0.84733 -0.0301676 141.851 0.847774 0.529289 0.0336524 96.4965 -0.0125473 -0.0434181 0.998978 1.01155
0.523192 -0.851974 -0.0202666 142.328 0.852066 0.522508 0.0311265 97.2842 -0.0159295 -0.0335537 0.99931 1.02133
0.512467 -0.858607 0.0130548 143.174 0.858429 0.512629 0.0176575 98.6834 -0.0218531 0.00215773 0.999759 0.989507
0.507672 -0.861515 0.00787973 143.57 0.861265 0.507718 0.0211213 99.3276 -0.022197 -0.00393618 0.999746 0.984761
0.502144 -0.864734 0.00926557 144.02 0.864739 0.502199 0.00482173 100.076 -0.00882267 0.00559109 0.999945 0.98779
0.49717 -0.867613 0.00829402 144.436 0.867642 0.49719 0.000408595 100.732 -0.00447821 0.00699309 0.999965 0.992721
0.491068 -0.87112 0.00165352 144.879 0.871112 0.49107 0.00359636 101.496 -0.00394486 -0.000325656 0.999992 0.982971
0.486537 -0.873652 -0.00373145 145.288 0.873465 0.486333 0.0232096 102.251 -0.0184624 -0.0145516 0.999724 0.965934
0.481275 -0.876569 0.000315741 145.715 0.876114 0.481037 0.0320489 103.047 -0.028245 -0.0151477 0.999486 0.957438
0.477508 -0.878616 0.00440271 146.099 0.877973 0.47734 0.036203 103.79 -0.0339101 -0.0134217 0.999335 0.951447
0.475556 -0.879685 0.000359008 146.492 0.87938 0.475402 0.0261458 104.542 -0.0231707 -0.0121181 0.999658 0.911725
0.474466 -0.880219 -0.00980301 146.861 0.88018 0.474224 0.0198693 105.259 -0.0128405 -0.0180557 0.999754 0.899088
0.473101 -0.880854 -0.0164554 147.238 0.881002 0.472946 0.012554 106.014 -0.00327571 -0.0204366 0.999786 0.940408
0.471815 -0.881574 -0.0147614 147.617 0.88168 0.471632 0.0142854 106.712 -0.00563164 -0.0197549 0.999789 0.966371
0.471176 -0.881996 -0.00867592 148.051 0.881969 0.470992 0.0172303 107.509 -0.0111108 -0.0157704 0.999814 0.964256
0.471077 -0.882051 -0.00850923 148.443 0.881851 0.4707 0.0279448 108.255 -0.0206434 -0.020668 0.999573 0.931329
0.469875 -0.882728 -0.00300453 148.851 0.882432 0.469622 0.0277384 109.064 -0.0230745 -0.0156849 0.999611 0.903128
0.467781 -0.883843 0.00129162 149.223 0.883611 0.467691 0.0222781 109.761 -0.0202944 -0.00927997 0.999751 0.865977
0.466282 -0.88461 0.00681363 149.636 0.884636 0.466277 -0.00239715 110.516 -0.00105649 0.00714532 0.999974 0.902461
0.465419 -0.885028 0.0105168 150.026 0.885087 0.46535 -0.00840156 111.211 0.0025416 0.0132185 0.999909 0.953677
0.464632 -0.88544 0.0106397 150.449 0.885449 0.464435 -0.0167253 111.998 0.00986777 0.017192 0.999803 0.981883
0.464201 -0.885693 0.00809476 150.846 0.885721 0.464218 0.000192274 112.745 -0.00392803 0.00708044 0.999967 0.943983
0.461704 -0.886981 0.00963429 151.242 0.886893 0.461797 0.0127944 113.538 -0.0157974 0.00263737 0.999872 0.961718
0.45946 -0.888076 0.0147494 151.625 0.888038 0.459629 0.0113828 114.351 -0.0168881 0.00786811 0.999826 0.966018
0.45969 -0.887973 0.0137224 152 0.88801 0.459792 0.00537122 115.099 -0.0110789 0.00971649 0.999891 0.930546
0.460513 -0.887617 0.0079943 152.367 0.887625 0.460551 0.00385285 115.842 -0.00710164 0.00532165 0.999961 0.955038
0.460612 -0.887599 0.00210996 152.737 0.88758 0.460616 0.00589814 116.566 -0.00620707 -0.000844 0.99998 0.956359
0.460219 -0.887804 0.00160488 153.13 0.887796 0.460222 0.0038738 117.326 -0.00417778 -0.000357997 0.999991 0.962909
0.459212 -0.888325 -0.00164545 153.492 0.888233 0.459136 0.0153831 118.022 -0.0129097 -0.00852564 0.99988 0.969246
0.45769 -0.889101 -0.00445306 153.88 0.889109 0.457671 0.00470098 118.829 -0.00214161 -0.00611085 0.999979 0.971115
0.45727 -0.889326 0.00197122 154.214 0.889242 0.457255 0.0129254 119.515 -0.0123963 -0.00415752 0.999914 0.969901
0.457052 -0.889438 0.0019525 154.564 0.889409 0.457053 0.00729604 120.23 -0.00738177 -0.0015981 0.999971 0.980759
0.456535 -0.889705 -0.000782276 154.958 0.889704 0.456532 0.0022327 121.008 -0.00162931 -0.0017153 0.999997 0.995242
0.455573 -0.890181 -0.0055467 155.33 0.89014 0.455464 0.0142692 121.711 -0.0101758 -0.011438 0.999883 0.929965
0.453854 -0.89107 -0.00330601 155.704 0.890868 0.453664 0.0232868 122.434 -0.0192503 -0.013514 0.999723 0.945929
0.45249 -0.89176 0.00410513 156.048 0.89143 0.45244 0.0254949 123.113 -0.0245926 -0.00787675 0.999666 0.976844
0.451829 -0.892079 0.00670416 156.384 0.891817 0.451861 0.0219931 123.805 -0.022649 -0.00395824 0.999736 0.994221
0.452136 -0.89194 0.00395472 156.718 0.891807 0.452139 0.0158273 124.482 -0.0159051 -0.00362924 0.999867 0.963568
0.453257 -0.891379 -0.000767326 157.044 0.891335 0.453226 0.0104126 125.147 -0.0089338 -0.00540354 0.999945 0.976727
0.454494 -0.890709 -0.00856291 157.345 0.890737 0.454414 0.00979267 125.748 -0.00483131 -0.012078 0.999915 0.949167
0.456714 -0.889538 -0.0115662 157.641 0.889612 0.45665 0.00783273 126.333 -0.00168582 -0.0138667 0.999902 0.958148
0.460151 -0.887752 -0.0125025 157.941 0.887841 0.460106 0.00646998 126.918 8.72882e-06 -0.0140774 0.999901 0.985017
0.464822 -0.885328 -0.0115979 158.244 0.885401 0.464747 0.00871884 127.521 -0.00232896 -0.0143215 0.999895 0.978889
0.470214 -0.882509 -0.00875226 158.558 0.882512 0.470074 0.0142222 128.118 -0.00843703 -0.0144115 0.999861 0.970952
0.475448 -0.879709 -0.00784365 158.89 0.879607 0.475198 0.0218616 128.726 -0.0155046 -0.0172934 0.99973 0.981019
0.480842 -0.876759 -0.00920027 159.202 0.876648 0.480529 0.0240588 129.315 -0.0166728 -0.0196339 0.999668 0.983157
0.486745 -0.873478 -0.0107022 159.502 0.873456 0.486486 0.0201302 129.887 -0.0123768 -0.0191462 0.99974 0.996756
0.49336 -0.869719 -0.0135462 159.802 0.86982 0.493247 0.0109539 130.454 -0.00284519 -0.017187 0.999848 1.0011
0.500218 -0.865689 -0.0190944 160.124 0.865874 0.500251 0.00338495 131.031 0.00662169 -0.0182266 0.999812 1.0017
0.506388 -0.862094 -0.0191214 160.46 0.862291 0.506385 0.00534804 131.57 0.00507229 -0.0191964 0.999803 1.03394
0.513231 -0.858083 -0.0169745 160.836 0.858132 0.513389 -0.00650044 132.195 0.0142924 -0.0112301 0.999835 1.07823
0.517433 -0.855676 -0.00908738 161.155 0.855721 0.517377 0.00785783 132.689 -0.00202215 -0.0118422 0.999928 1.08102
0.522659 -0.85254 -0.00152302 161.535 0.852534 0.522646 0.0052212 133.268 -0.00365528 -0.00402734 0.999985 1.08386
0.526472 -0.850192 -0.000573045 161.868 0.850136 0.526429 0.0119103 133.786 -0.00982434 -0.00675759 0.999929 1.07672
0.52715 -0.849755 -0.00544576 162.222 0.849772 0.527139 0.00337886 134.358 -5.29923e-07 -0.00640883 0.999979 1.07794
0.526565 -0.850121 -0.00487393 162.904 0.849988 0.526572 -0.0155982 135.528 0.0158268 0.00407066 0.999866 1.11196
0.526125 -0.850407 -0.000544397 163.23 0.850347 0.52608 0.0122329 136.041 -0.0101166 -0.00689897 0.999925 1.08972
0.525754 -0.850599 -0.00806099 163.608 0.850605 0.525629 0.0136075 136.671 -0.0073374 -0.0140109 0.999875 1.07055
0.52553 -0.850636 -0.0153705 163.927 0.850752 0.525297 0.0168454 137.194 -0.00625519 -0.0219292 0.99974 1.03666
0.524036 -0.851407 -0.0221766 164.272 0.851592 0.524202 -0.00200998 137.775 0.0133363 -0.0178321 0.999752 1.03974
0.520586 -0.853635 -0.0172455 164.582 0.853748 0.520685 -0.00150504 138.28 0.0102642 -0.0139398 0.99985 1.07316
0.516416 -0.856177 -0.0165954 164.937 0.856243 0.51655 -0.00489218 138.891 0.0127609 -0.0116833 0.99985 1.11435
0.513033 -0.858243 -0.0146905 165.241 0.858367 0.512918 0.0110671 139.472 -0.00196326 -0.0182876 0.999831 1.1164
0.509609 -0.860382 -0.00643931 165.615 0.86031 0.509426 0.0187616 140.122 -0.0128618 -0.0151009 0.999803 1.13231
0.506104 -0.862457 0.00513165 165.982 0.862046 0.506032 0.02843 140.735 -0.0271164 -0.00996482 0.999583 1.12622
0.503774 -0.863819 0.00537659 166.323 0.863327 0.503681 0.0311711 141.294 -0.0296343 -0.0110614 0.9995 1.0806
0.500992 -0.865448 -0.00250467 166.696 0.865327 0.500868 0.0184518 141.955 -0.0147146 -0.0114116 0.999827 1.07052
0.499314 -0.866414 -0.00355917 167.015 0.866285 0.499158 0.0197943 142.509 -0.0153735 -0.0129668 0.999798 1.04902
