0.471544 -0.881696 0.0160564 1.06062 0.881837 0.471529 -0.00494821 1.54843 -0.00320823 0.0164924 0.999859 1.06322
0.469732 -0.882666 0.0158779 1.48315 0.882805 0.469711 -0.0052314 2.34722 -0.00284043 0.0164744 0.99986 1.06
0.467746 -0.883682 0.0178788 2.332 0.883851 0.467748 -0.00435232 3.90847 -0.0045167 0.017838 0.999831 1.07583
0.46683 -0.884142 0.0190553 2.74445 0.884329 0.466852 -0.00355636 4.72789 -0.00575165 0.0185113 0.999812 1.08077
0.465199 -0.885011 0.018569 3.15652 0.885191 0.465211 -0.00393667 5.55402 -0.00515448 0.0182684 0.99982 1.06962
0.464124 -0.88559 0.0178727 3.58427 0.885761 0.464117 -0.00480229 6.3627 -0.00404214 0.0180598 0.999829 1.06712
0.462953 -0.886207 0.0176556 4.0079 0.886373 0.46295 -0.00446687 7.17312 -0.00421508 0.0177174 0.999834 1.09523
0.462755 -0.886325 0.0168788 4.43037 0.886462 0.4628 -0.00138332 7.99028 -0.00658542 0.0156025 0.999857 1.10861
0.463283 -0.886034 0.0176868 4.85758 0.886147 0.463396 0.0026867 8.82183 -0.0105765 0.0144284 0.99984 1.09552
0.464278 -0.885485 0.01903 5.29269 0.885581 0.46445 0.0057054 9.66103 -0.0138906 0.0142038 0.999803 1.08203
0.465896 -0.884626 0.0194134 5.72932 0.884706 0.466095 0.00714343 10.5067 -0.0153677 0.013847 0.999786 1.07154
0.467809 -0.883595 0.0203661 6.16162 0.883727 0.467981 0.00442069 11.349 -0.0134371 0.0159301 0.999783 1.04958
0.469085 -0.882942 0.0193087 6.61249 0.883114 0.469159 -0.000792443 12.2058 -0.00835917 0.0174235 0.999813 1.079
0.470127 -0.882454 0.0159798 7.05461 0.882589 0.470132 -0.00363778 13.0488 -0.00430242 0.0158138 0.999866 1.09966
0.471032 -0.882019 0.0131312 7.49966 0.882107 0.471044 -0.00235787 13.8949 -0.00410569 0.0126938 0.999911 1.11813
0.470773 -0.882133 0.0146181 7.96821 0.882219 0.470837 0.00113142 14.7619 -0.0078808 0.0123637 0.999892 1.11772
0.469776 -0.882524 0.0214688 8.42499 0.882681 0.469956 0.00395316 15.647 -0.0135782 0.017093 0.999762 1.07348
0.468554 -0.882817 0.0330237 8.88555 0.883329 0.468749 -0.00203507 16.5157 -0.0136832 0.0301243 0.999452 1.07712
0.46738 -0.883232 0.0381668 9.35772 0.883983 0.467463 -0.00727594 17.3797 -0.0114152 0.0371394 0.999245 1.06758
0.466218 -0.883945 0.0358131 9.83214 0.884639 0.466158 -0.0105191 18.2375 -0.00739627 0.0365858 0.999303 1.05857
0.463998 -0.885531 0.0232627 10.7484 0.885822 0.463978 -0.00659953 20.0019 -0.00494927 0.0236688 0.999708 1.0928
0.463035 -0.886009 0.024216 11.2203 0.886305 0.463085 -0.00383256 20.914 -0.00781839 0.0232374 0.999699 1.08194
0.461531 -0.886765 0.0252526 11.6809 0.88706 0.461654 -0.00105775 21.8261 -0.01072 0.0228887 0.999681 1.07407
0.461207 -0.8869 0.0263776 12.139 0.887206 0.461373 0.000210601 22.7309 -0.0123567 0.0233053 0.999652 1.06787
0.4607 -0.887144 0.0270423 12.6026 0.887432 0.460932 0.00271307 23.6271 -0.0148716 0.0227483 0.999631 1.07967
0.46001 -0.887448 0.0287588 13.0455 0.887737 0.460323 0.00502558 24.5317 -0.0176983 0.0232184 0.999574 1.07231
0.459775 -0.887516 0.0303583 13.513 0.887844 0.460117 0.00503464 25.4315 -0.0184367 0.0246387 0.999526 1.05535
0.460058 -0.887325 0.0316459 13.9747 0.887731 0.460356 0.00244891 26.3011 -0.0167413 0.0269664 0.999496 1.05015
0.460358 -0.887266 0.0288145 14.4182 0.887611 0.460591 0.00164648 27.1951 -0.0147326 0.0248181 0.999583 1.02708
0.459922 -0.887559 0.0266462 14.8717 0.887859 0.460115 0.00125069 28.0917 -0.0133704 0.0230829 0.999644 1.02875
0.457986 -0.888384 0.0319766 15.7773 0.888823 0.45825 0.00103245 29.869 -0.0155705 0.0279487 0.999488 1.02653
0.457667 -0.888463 0.0342718 16.2337 0.888997 0.457911 -0.000810234 30.7334 -0.0149736 0.0308384 0.999412 1.00906
0.457039 -0.889086 0.0253115 16.6759 0.889399 0.457123 -0.00272181 31.6209 -0.00915054 0.023756 0.999676 1.04303
0.456908 -0.889314 0.0188628 17.1268 0.889495 0.456935 -0.00311041 32.5156 -0.00585293 0.0181995 0.999817 1.06859
0.45665 -0.889434 0.0194572 17.5844 0.889619 0.456699 -0.00211437 33.398 -0.00700548 0.018275 0.999808 1.06424
0.456528 -0.889306 0.0267872 18.0348 0.889632 0.456678 -0.000580659 34.2789 -0.0117167 0.0240958 0.999641 1.06591
0.456408 -0.889251 0.0303955 18.4773 0.889648 0.456646 0.00102917 35.1483 -0.0147952 0.0265716 0.999537 1.04359
0.456181 -0.889325 0.031628 18.9072 0.889778 0.456394 -0.000532925 35.9733 -0.0139609 0.028385 0.9995 1.02706
0.455743 -0.889536 0.031991 19.3494 0.890017 0.455924 -0.00180985 36.84 -0.0129756 0.0292974 0.999487 1.0458
0.454884 -0.889956 0.032547 19.7929 0.890464 0.455045 -0.00268688 37.7088 -0.0124191 0.0302041 0.999467 1.05296
0.454261 -0.890179 0.0350629 20.2201 0.89076 0.454468 -0.00226909 38.574 -0.0139151 0.0322634 0.999383 1.06835
0.453378 -0.89045 0.0393468 20.6658 0.891151 0.453707 -0.000628014 39.4422 -0.0172927 0.0353487 0.999225 1.07925
0.452696 -0.890663 0.0422601 21.0987 0.891409 0.453193 0.00248035 40.3133 -0.0213612 0.0365482 0.999104 1.06699
0.451985 -0.891045 0.041818 21.5024 0.891791 0.452444 0.00170835 41.1467 -0.0204425 0.0365208 0.999124 1.03097
0.450619 -0.891876 0.0387213 21.924 0.892584 0.450876 -0.00231458 41.9569 -0.0153942 0.035605 0.999247 0.990048
0.450046 -0.892373 0.0336083 22.3214 0.892958 0.450091 -0.00665929 42.7836 -0.00918421 0.0330078 0.999413 1.02518
0.44901 -0.89309 0.0279308 22.7475 0.893499 0.449023 -0.00614882 43.6641 -0.00705013 0.027717 0.999591 1.03754
0.448394 -0.893512 0.0240689 23.1741 0.893805 0.448441 -0.00370911 44.5218 -0.00747936 0.0231761 0.999703 1.05048
0.446024 -0.89468 0.024694 23.9219 0.894947 0.446172 0.000558595 46.0282 -0.0115175 0.0218507 0.999695 1.04453
0.444996 -0.895213 0.0239215 24.2956 0.895459 0.445144 0.000930909 46.7888 -0.0114819 0.0210065 0.999713 1.04827
0.443556 -0.895937 0.0235547 24.683 0.896176 0.443699 0.000933062 47.566 -0.0112871 0.0206953 0.999722 1.05997
0.442259 -0.896595 0.0229066 25.0413 0.896818 0.442398 0.00112471 48.3167 -0.0111422 0.0200456 0.999737 1.0715
0.441175 -0.897093 0.0242836 25.3969 0.897345 0.441328 0.00106676 49.0402 -0.011674 0.0213201 0.999704 1.0646
0.440079 -0.897645 0.0237558 25.7351 0.89786 0.440269 0.00317832 49.7674 -0.013312 0.0199307 0.999713 1.06841
0.438608 -0.898377 0.0232498 26.0858 0.89853 0.438859 0.00680249 50.4927 -0.0163146 0.017907 0.999707 1.06529
0.43713 -0.899135 0.0217811 26.4155 0.899193 0.437419 0.0107827 51.1895 -0.0192226 0.0148719 0.999705 1.07074
0.435618 -0.899829 0.0233325 26.7369 0.899962 0.435892 0.00811577 51.8553 -0.0174733 0.017463 0.999695 1.04756
0.434793 -0.900197 0.0244869 27.02 0.900459 0.434941 0.000765483 52.5092 -0.0113394 0.0217166 0.9997 1.02907
0.433646 -0.900789 0.0230332 27.3344 0.901072 0.433629 -0.00598884 53.1693 -0.0045932 0.0233516 0.999717 1.04353
0.433359 -0.901061 0.0169691 27.6406 0.90122 0.433308 -0.00676791 53.8282 -0.00125453 0.0182258 0.999833 1.09053
0.432772 -0.901406 0.0132385 27.9552 0.901494 0.432787 -0.00187108 54.4575 -0.00404283 0.0127441 0.999911 1.09327
0.431451 -0.902014 0.0148474 28.2205 0.902115 0.431496 -0.000252545 55.0661 -0.00617877 0.013503 0.99989 1.08841
0.430686 -0.902307 0.0187771 28.503 0.902485 0.430711 -0.00289135 55.6415 -0.00547863 0.0181914 0.99982 1.07544
0.430695 -0.902202 0.0230749 28.7753 0.902496 0.430599 -0.00924959 56.1864 -0.00159103 0.0248088 0.999691 1.08502
0.431943 -0.901598 0.0233933 29.0392 0.901895 0.431701 -0.0148019 56.7333 0.00324644 0.0274919 0.999617 1.09242
0.434275 -0.900535 0.0210383 29.2978 0.900764 0.43401 -0.0160889 57.2782 0.00535774 0.0259375 0.999649 1.12019
0.438148 -0.898744 0.0169164 29.5362 0.898901 0.438029 -0.010378 57.8058 0.00191731 0.0197532 0.999803 1.11633
0.442028 -0.896855 0.016197 29.7866 0.897001 0.441976 -0.00680162 58.3167 -0.00105863 0.0175353 0.999846 1.10569
0.447017 -0.894283 0.0208394 30.0482 0.89451 0.447024 -0.00457831 58.7896 -0.00522143 0.0206877 0.999772 1.12339
0.453812 -0.890709 0.0263191 30.282 0.891055 0.45388 -0.00370829 59.2827 -0.00864271 0.0251347 0.999647 1.1195
0.462941 -0.885916 0.0289724 30.5134 0.88632 0.463065 -0.00266633 59.7803 -0.011054 0.0269132 0.999577 1.12189
0.476077 -0.879083 0.0237528 30.7831 0.879335 0.476204 -0.000360642 60.2128 -0.0109942 0.0210584 0.999718 1.13194
0.491493 -0.87067 0.0191993 31.0352 0.870815 0.491608 0.00151717 60.6397 -0.0107595 0.0159734 0.999815 1.12747
0.512277 -0.858599 0.0195085 31.3011 0.858736 0.512412 0.00232834 61.0297 -0.0119955 0.0155599 0.999807 1.13033
0.538541 -0.842218 0.0253347 31.5162 0.842475 0.538734 0.000940887 61.3791 -0.0144411 0.0208371 0.999679 1.12182
0.564575 -0.824901 0.0281666 31.7368 0.825205 0.564832 0.00142044 61.7173 -0.0170811 0.0224412 0.999602 1.12021
0.591516 -0.805765 0.0291887 31.9787 0.806051 0.591837 0.00307015 62.0665 -0.0197488 0.0217115 0.999569 1.13286
0.620701 -0.783509 0.0290478 32.253 0.783741 0.621068 0.00494618 62.4266 -0.0219161 0.0196959 0.999566 1.13558
0.656385 -0.753909 0.0279301 32.569 0.754093 0.656745 0.00540702 62.7284 -0.0224194 0.0175128 0.999595 1.11767
0.692057 -0.721322 0.0273986 32.8955 0.721465 0.692424 0.00605248 63.0214 -0.0233373 0.0155785 0.999606 1.10513
0.728101 -0.684957 0.0265066 33.2064 0.685074 0.72845 0.00580119 63.3063 -0.0232823 0.0139351 0.999632 1.09516
0.76439 -0.64426 0.0252312 33.5135 0.644362 0.764704 0.00493168 63.5464 -0.0224717 0.0124883 0.999669 1.10565
0.800384 -0.598985 0.0245219 33.8363 0.599078 0.80068 0.00418337 63.7571 -0.02214 0.0113422 0.999691 1.10534
0.836129 -0.547985 0.024505 34.1864 0.548062 0.836428 0.00407206 63.9271 -0.0227281 0.0100255 0.999691 1.08831
0.900091 -0.435025 0.0242795 34.8869 0.435125 0.900369 0.00126912 64.2253 -0.0224126 0.00942231 0.999704 1.04337
0.926574 -0.375335 0.024148 35.2393 0.375459 0.926839 -0.000638198 64.3565 -0.0221418 0.00965794 0.999708 1.03193
0.948381 -0.316127 0.0252452 35.6016 0.316249 0.948676 -0.000863375 64.4706 -0.0236766 0.00880256 0.999681 1.02655
0.966308 -0.255878 0.0278292 35.9931 0.25593 0.966694 0.00173988 64.615 -0.0273475 0.00544107 0.999611 1.01575
0.980382 -0.194939 0.0291522 36.3876 0.194942 0.980811 0.00277011 64.7278 -0.0291328 0.00296722 0.999571 1.00442
0.990455 -0.134649 0.0294804 36.7966 0.134689 0.990888 0.000623583 64.8162 -0.0292957 0.00335306 0.999565 0.994627
0.996643 -0.0764996 0.0291472 37.2104 0.0766382 0.997052 -0.0036641 64.9031 -0.028781 0.00588559 0.999568 1.00151
0.999362 -0.0203049 0.0293697 37.6108 0.0204763 0.999775 -0.00554965 64.9668 -0.0292504 0.00614749 0.999553 1.00159
0.998991 0.0338502 0.0295186 38.007 -0.033792 0.999426 -0.0024667 65.0063 -0.0295851 0.00146671 0.999561 0.997218
0.9962 0.0822591 0.0286112 38.2589 -0.0823765 0.996597 0.00294865 64.7294 -0.0282713 -0.00529434 0.999586 0.987505
0.991549 0.127203 0.0254815 38.5798 -0.12716 0.991877 -0.00328871 64.5871 -0.0256928 2.06875e-05 0.99967 0.951241
0.98518 0.169682 0.025084 38.9635 -0.169425 0.98547 -0.0120293 64.4835 -0.0267607 0.00760116 0.999613 0.947602
0.978027 0.206683 0.0273152 39.3536 -0.20623 0.978328 -0.0185309 64.4147 -0.0305533 0.0124905 0.999455 0.959562
0.970255 0.240351 0.0289229 39.7401 -0.2399 0.970626 -0.0182317 64.4064 -0.0324553 0.0107508 0.999415 0.976464
0.961943 0.2717 0.0290542 40.1251 -0.271435 0.962372 -0.0128056 64.3786 -0.0314402 0.00443193 0.999496 0.97741
0.954024 0.29868 0.0250442 40.5299 -0.298713 0.95434 -0.00252526 64.286 -0.0246549 -0.00507185 0.999683 0.950077
0.945825 0.323987 0.0211623 40.9222 -0.324124 0.946009 0.00328672 64.1802 -0.0189548 -0.00996787 0.999771 0.898277
0.937752 0.346844 0.017908 41.3323 -0.346953 0.937877 0.0033215 64.0575 -0.0156435 -0.00932798 0.999834 0.792001
0.930037 0.367217 0.0135009 41.732 -0.367288 0.930102 0.00311361 63.9359 -0.0114139 -0.00785449 0.999904 0.704813
0.923298 0.384028 0.00662194 42.1142 -0.38404 0.923316 0.000658172 63.7077 -0.00586139 -0.00315078 0.999978 0.806202
0.916274 0.400548 0.00177757 42.5012 -0.400544 0.916274 -0.0024136 63.4672 -0.00259551 0.00149952 0.999995 0.92226
0.903598 0.428196 0.0126264 43.3367 -0.428181 0.903684 -0.00402246 63.0433 -0.0131327 -0.00177172 0.999912 0.926185
0.89756 0.440609 0.0158183 43.7619 -0.440584 0.897696 -0.00520588 62.8307 -0.0164938 -0.00229669 0.999861 0.896593
0.892173 0.451486 0.0136719 44.2107 -0.451395 0.892275 -0.0093542 62.577 -0.0164224 0.00217413 0.999863 0.870142
0.887164 0.46131 0.0115548 44.6954 -0.461172 0.887219 -0.0127841 62.3131 -0.0161491 0.00601283 0.999852 0.852717
0.882596 0.470041 0.00929238 45.1785 -0.469891 0.882604 -0.0145966 62.0937 -0.0150625 0.00851649 0.99985 0.834752
0.879005 0.476735 0.00856299 45.662 -0.476609 0.879013 -0.0133788 61.8569 -0.0139051 0.00767886 0.999874 0.815124
0.876418 0.481473 0.0086445 46.1502 -0.481383 0.876446 -0.0106475 61.6019 -0.0127029 0.00517038 0.999906 0.794026
0.874075 0.485725 0.0079624 46.6587 -0.485638 0.874094 -0.0107404 61.2907 -0.0121767 0.00552104 0.999911 0.789955
0.872149 0.489166 0.0085587 47.2061 -0.489081 0.872177 -0.0103322 60.9725 -0.0125189 0.00482535 0.99991 0.78909
0.870521 0.492047 0.00909706 47.744 -0.491962 0.870557 -0.0101798 60.654 -0.0129285 0.00438633 0.999907 0.779141
0.868869 0.494945 0.00985286 48.2852 -0.494863 0.868917 -0.0096662 60.324 -0.0133456 0.00352284 0.999905 0.752206
0.868022 0.496443 0.00909569 48.8578 -0.496365 0.868061 -0.00956026 59.9955 -0.0126417 0.00378374 0.999913 0.732865
0.867307 0.497706 0.00813068 49.4348 -0.497626 0.867333 -0.0101059 59.6767 -0.0120818 0.00471891 0.999916 0.70683
0.867199 0.497916 0.0067627 50.0198 -0.497823 0.867198 -0.011863 59.3513 -0.0117714 0.00692091 0.999907 0.672603
0.868516 0.49566 0.000959545 50.6653 -0.495528 0.868325 -0.021542 59.0017 -0.0115107 0.0182341 0.999767 0.653292
0.870232 0.492641 -0.000970797 51.3149 -0.492522 0.869975 -0.0237853 58.6598 -0.010873 0.0211768 0.999717 0.636972
0.87223 0.489093 -0.00166594 51.9629 -0.488987 0.871961 -0.0239851 58.3082 -0.0102783 0.0217352 0.999711 0.62578
0.874415 0.485175 -0.00193097 52.6297 -0.485069 0.874127 -0.0246914 57.9502 -0.0102917 0.0225272 0.999693 0.613464
0.87667 0.481092 -0.000590106 53.2939 -0.480966 0.876411 -0.0239976 57.5883 -0.0110279 0.0213218 0.999712 0.606943
0.878874 0.477051 0.00198144 53.9976 -0.476897 0.878682 -0.0220615 57.2151 -0.0122655 0.0184443 0.999755 0.584227
0.881 0.473097 0.00430674 54.7024 -0.472921 0.880861 -0.020738 56.8373 -0.0136047 0.0162335 0.999776 0.569738
0.882826 0.469667 0.00553778 55.4021 -0.469492 0.882726 -0.0192803 56.4514 -0.0139437 0.0144213 0.999799 0.553032
0.884567 0.466405 0.00282995 56.104 -0.466231 0.884374 -0.0225882 56.0558 -0.013038 0.0186614 0.999741 0.550067
0.885431 0.464766 0.00192687 56.8142 -0.464654 0.885294 -0.01874 55.6866 -0.0104156 0.0156977 0.999823 0.574695
0.885575 0.464493 0.00182221 57.5531 -0.464438 0.885518 -0.0124695 55.3139 -0.00740559 0.0101963 0.999921 0.585399
0.885328 0.46496 0.00256742 58.3057 -0.464933 0.885316 -0.00721946 54.9503 -0.00562974 0.00519791 0.999971 0.580842
0.884903 0.465749 0.00490534 59.0581 -0.465746 0.884916 -0.00178035 54.5686 -0.00517001 -0.000709209 0.999986 0.564488
0.884788 0.465962 0.00539673 59.7547 -0.465951 0.884804 -0.00335816 54.2064 -0.00633982 0.000456649 0.99998 0.554411
0.885044 0.46545 0.00735423 60.4861 -0.465446 0.885073 -0.00230914 53.8134 -0.00758382 -0.00137931 0.99997 0.5629
0.885533 0.464481 0.0093613 61.9321 -0.464498 0.885574 -0.000483764 53.0556 -0.00851482 -0.00391991 0.999956 0.555601
0.885333 0.464883 0.00835376 62.6607 -0.464896 0.885365 -0.000374392 52.6903 -0.00757018 -0.00355217 0.999965 0.558251
0.884434 0.466581 0.00890426 63.3817 -0.466614 0.884459 0.0019612 52.3355 -0.0069604 -0.0058894 0.999958 0.551513
0.882769 0.469685 0.0107536 64.1116 -0.469751 0.882787 0.00460016 51.9821 -0.00733249 -0.00911237 0.999932 0.561893
0.880274 0.474255 0.0141348 64.8513 -0.474391 0.880273 0.00855389 51.6212 -0.00838576 -0.0142352 0.999864 0.579907
0.876947 0.480277 0.0172732 65.5989 -0.480474 0.876954 0.00978681 51.2201 -0.0104474 -0.0168818 0.999803 0.582971
0.873328 0.486793 0.018169 66.3356 -0.486982 0.873377 0.00779078 50.8128 -0.0120759 -0.0156519 0.999805 0.584603
0.86894 0.494621 0.0171361 67.041 -0.494761 0.869015 0.00491727 50.4048 -0.0124594 -0.0127511 0.999841 0.584748
0.86387 0.503447 0.016441 67.7269 -0.503568 0.863946 0.00402887 50.0007 -0.0121758 -0.0117596 0.999857 0.570834
0.858633 0.512326 0.0164651 68.4056 -0.512462 0.858694 0.0052215 49.6217 -0.0114634 -0.0129211 0.999851 0.569471
0.852764 0.521991 0.0178434 69.078 -0.522177 0.852801 0.00782754 49.2151 -0.011131 -0.0159925 0.99981 0.571585
0.846449 0.532124 0.0191609 69.7536 -0.532336 0.846495 0.0080681 48.7764 -0.0119264 -0.0170293 0.999784 0.60157
0.840378 0.541687 0.0184162 70.4352 -0.541852 0.840458 0.00515815 48.3373 -0.012684 -0.0143137 0.999817 0.58977
0.834546 0.550626 0.0185633 71.1164 -0.550777 0.834643 0.00392407 47.8972 -0.013333 -0.0134991 0.99982 0.565735
0.829182 0.558629 0.0197843 71.7539 -0.558835 0.829252 0.00663924 47.4645 -0.0126973 -0.0165613 0.999782 0.578109
0.823575 0.566844 0.0202696 72.3957 -0.567085 0.823613 0.00871626 47.0312 -0.0117535 -0.0186731 0.999757 0.587379
0.817234 0.576026 0.0179671 73.0054 -0.576211 0.817268 0.00736245 46.6355 -0.010443 -0.0163697 0.999811 0.57127
0.811338 0.584368 0.0156534 73.6024 -0.584514 0.811353 0.00699515 46.2376 -0.00861266 -0.014825 0.999853 0.558669
0.805908 0.591823 0.0160641 74.2036 -0.591985 0.805909 0.00806663 45.7993 -0.00817219 -0.0160107 0.999838 0.586219
0.800681 0.598884 0.0157015 74.8074 -0.599041 0.800677 0.008142 45.3276 -0.00769572 -0.015925 0.999844 0.582968
0.795795 0.605387 0.0147089 75.4099 -0.605511 0.795815 0.00593443 44.853 -0.0081129 -0.013629 0.999874 0.592587
0.792171 0.610115 0.0149813 76.0103 -0.610215 0.79223 0.00287897 44.4154 -0.0101122 -0.0114225 0.999884 0.574673
0.790025 0.612853 0.0164717 76.5514 -0.612926 0.79014 -0.000791337 43.9877 -0.0135 -0.00947078 0.999864 0.550974
0.787836 0.615635 0.0175457 77.1018 -0.615672 0.787993 -0.00380552 43.553 -0.0161687 -0.00780426 0.999839 0.534396
0.786399 0.617444 0.018398 77.6625 -0.61746 0.786583 -0.0054813 43.1271 -0.017856 -0.00704958 0.999816 0.523022
0.785622 0.618479 0.0167849 78.2054 -0.618446 0.78579 -0.00769164 42.7021 -0.0179465 -0.00433785 0.99983 0.511711
0.785669 0.61848 0.0143608 78.7448 -0.618433 0.785796 -0.00806823 42.2954 -0.0162747 -0.00254221 0.999864 0.511782
0.788128 0.615365 0.0133996 79.1955 -0.615346 0.788234 -0.0060005 41.8924 -0.0142546 -0.00351626 0.999892 0.553464
0.791615 0.610937 0.0100921 79.6735 -0.610893 0.791679 -0.00728996 41.5169 -0.0124434 -0.000394329 0.999923 0.567923
0.795668 0.6057 0.00625088 80.1585 -0.605632 0.795682 -0.0099437 41.1525 -0.0109966 0.00412615 0.999931 0.584109
0.801557 0.597917 0.00147956 80.6345 -0.597832 0.80148 -0.0150376 40.8215 -0.0101771 0.0111689 0.999886 0.613517
0.808812 0.588054 -0.00398242 81.0994 -0.587998 0.808592 -0.0209416 40.4949 -0.00909463 0.0192794 0.999773 0.635434
0.817868 0.57536 -0.00732924 81.5518 -0.575358 0.817567 -0.0234181 40.1824 -0.00748167 0.0233698 0.999699 0.649124
0.830566 0.556866 -0.00775691 81.9582 -0.5569 0.830337 -0.0200574 39.914 -0.00472843 0.0209788 0.999769 0.624057
0.843731 0.53671 -0.00783993 82.3787 -0.536762 0.843572 -0.0165316 39.6615 -0.0022591 0.0181564 0.999833 0.618454
0.857666 0.514159 -0.00712427 82.8244 -0.514208 0.857582 -0.0120031 39.4133 -6.18501e-05 0.013958 0.999903 0.621019
0.873001 0.487688 -0.00542874 83.3231 -0.487718 0.872954 -0.00911215 39.1783 0.000295157 0.0106026 0.999944 0.660806
0.889141 0.457595 -0.00594804 83.8372 -0.457633 0.889083 -0.0101657 38.9486 0.00063654 0.0117607 0.999931 0.668993
0.906614 0.421941 -0.0041749 84.3408 -0.42196 0.906538 -0.0118187 38.7735 -0.00120211 0.0124767 0.999921 0.671098
0.92578 0.378061 0.000969439 84.7772 -0.378019 0.92571 -0.0127973 38.6305 -0.00573556 0.011481 0.999918 0.641099
0.94337 0.33169 0.00580983 85.2243 -0.331606 0.943341 -0.0120535 38.5369 -0.00947868 0.00944434 0.99991 0.632979
0.959346 0.282129 0.00764005 85.72 -0.282036 0.959337 -0.0113688 38.4684 -0.0105368 0.00875183 0.999906 0.659218
0.973306 0.229388 0.00750854 86.2069 -0.229295 0.973289 -0.0115498 38.4039 -0.00995735 0.00951979 0.999905 0.679904
0.985204 0.171314 0.00489887 86.6806 -0.171234 0.985135 -0.0137424 38.3685 -0.0071803 0.0127002 0.999894 0.683684
0.994179 0.107739 0.000859084 87.1527 -0.10771 0.99404 -0.0168356 38.3649 -0.00266782 0.0166451 0.999858 0.707684
0.999236 0.0388465 -0.00434747 87.6245 -0.0389231 0.999058 -0.0191933 38.3973 0.00359779 0.0193478 0.999806 0.743826
0.999405 -0.0332656 -0.00915874 88.1014 0.0330813 0.999261 -0.0195838 38.4561 0.00980343 0.0192691 0.999766 0.763622
0.994277 -0.106074 -0.0126699 88.5844 0.105838 0.994219 -0.0180907 38.5378 0.0145156 0.0166463 0.999756 0.768963
0.98386 -0.178296 -0.0151769 89.0665 0.178029 0.983871 -0.0174434 38.6549 0.0180422 0.0144599 0.999733 0.753919
0.968744 -0.24762 -0.0147946 89.513 0.247328 0.968744 -0.019078 38.7824 0.0190563 0.0148226 0.999709 0.734761
0.949321 -0.314089 -0.0117701 89.9414 0.313844 0.949287 -0.0188591 38.946 0.0170967 0.0142094 0.999753 0.736993
0.925903 -0.377721 -0.00544419 90.3698 0.377594 0.925827 -0.0163558 39.1729 0.0112183 0.0130882 0.999851 0.747619
0.898552 -0.438864 0.00128191 90.8135 0.438846 0.89848 -0.0121818 39.4419 0.00419438 0.0115085 0.999925 0.760507
0.868714 -0.495282 0.00566474 91.229 0.495314 0.868659 -0.00973233 39.6868 -0.000100489 0.0112604 0.999937 0.767622
0.837213 -0.546805 0.00892712 91.6049 0.546856 0.837214 -0.0047282 39.9609 -0.00488851 0.00884036 0.999949 0.78732
0.806898 -0.590605 0.0100221 91.9332 0.590637 0.806938 -0.000213938 40.2145 -0.0079609 0.00609207 0.99995 0.790842
0.779679 -0.626114 0.00905063 92.2831 0.626081 0.779732 0.00639781 40.4892 -0.0110628 0.000678194 0.999939 0.810324
0.758206 -0.651993 0.00534547 92.675 0.651938 0.758217 0.00915707 40.7447 -0.0100234 -0.00345803 0.999944 0.821836
0.738208 -0.674568 0.00274268 93.0336 0.674525 0.738198 0.00890899 41.0394 -0.00803435 -0.00472668 0.999957 0.811033
0.720421 -0.693525 0.00392284 93.3819 0.69349 0.720427 0.00754406 41.355 -0.00805812 -0.00271445 0.999964 0.80157
0.707965 -0.706199 0.00822645 93.7382 0.706179 0.708011 0.00567191 41.6707 -0.00982991 0.00179383 0.99995 0.805147
0.702031 -0.712113 0.00694952 94.1006 0.712094 0.702064 0.00533747 42.0119 -0.00867989 0.00120164 0.999962 0.852465
0.696292 -0.717752 0.00297895 94.4296 0.717713 0.696289 0.00838734 42.4265 -0.00809424 -0.00370202 0.99996 0.882608
0.69161 -0.722271 -0.000777396 94.7301 0.722216 0.691544 0.0130544 42.8236 -0.0088912 -0.00958999 0.999914 0.906945
0.688342 -0.72537 -0.00486649 95.0597 0.725351 0.688227 0.0144968 43.2092 -0.00716626 -0.0135086 0.999883 0.937188
0.68677 -0.726841 -0.00695095 95.4302 0.726865 0.68668 0.0117636 43.5894 -0.00377722 -0.0131313 0.999907 0.977254
0.687869 -0.72581 -0.00601136 95.7983 0.725834 0.687838 0.00661681 43.9673 -0.000667705 -0.00891476 0.99996 1.00918
0.69161 -0.722247 -0.00590789 96.18 0.722263 0.691617 0.00112475 44.3869 0.00327365 -0.00504494 0.999982 1.01555
0.695173 -0.718794 -0.00833995 96.5783 0.718804 0.695209 -0.00223716 44.8008 0.00740607 -0.00443958 0.999963 1.0186
0.698793 -0.715196 -0.0135052 96.9788 0.715261 0.698858 -9.94438e-05 45.2236 0.00950934 -0.00959025 0.999909 1.01997
0.702097 -0.711849 -0.0181919 97.4211 0.712044 0.702093 0.00771927 45.6706 0.00727746 -0.0183731 0.999805 1.00444
0.705175 -0.708896 -0.0139748 97.8613 0.709028 0.70511 0.00999066 46.0973 0.00277146 -0.0169537 0.999852 1.05387
0.708373 -0.705729 -0.0124541 98.3052 0.705832 0.708179 0.0168752 46.5567 -0.00308959 -0.0207444 0.99978 1.06234
0.712242 -0.701839 -0.011532 98.7349 0.701838 0.711779 0.0281785 47.0066 -0.0115686 -0.0281635 0.999536 1.03495
0.714859 -0.699188 -0.0105974 99.18 0.699091 0.714254 0.0333473 47.4054 -0.0157468 -0.0312472 0.999388 1.02913
0.715612 -0.698415 -0.0107972 99.6808 0.698374 0.715106 0.0299677 47.8961 -0.0132087 -0.0289857 0.999492 0.996193
0.715214 -0.698763 -0.0141045 100.17 0.698878 0.714861 0.0233142 48.3609 -0.00620835 -0.026532 0.999629 1.01512
0.714396 -0.699549 -0.016425 100.658 0.699742 0.714211 0.0162488 48.847 0.000364094 -0.0231014 0.999733 1.0323
0.712565 -0.701341 -0.0192858 101.151 0.701587 0.712481 0.0121288 49.3477 0.00523435 -0.0221732 0.99974 1.03522
0.710456 -0.70348 -0.0191876 101.647 0.703726 0.710359 0.0126613 49.8456 0.00472311 -0.0224981 0.999736 1.03509
0.70868 -0.705341 -0.0163244 102.139 0.70553 0.708484 0.0166478 50.3342 -0.000176805 -0.0233154 0.999728 1.02861
0.706818 -0.707272 -0.0132182 102.689 0.707348 0.706431 0.0247922 50.8711 -0.00819708 -0.0268734 0.999605 1.06207
0.705125 -0.709002 -0.0107135 103.198 0.708973 0.70467 0.028245 51.3861 -0.0124763 -0.0275119 0.999544 1.07529
0.70424 -0.709845 -0.0129049 103.705 0.709872 0.703744 0.0287323 51.915 -0.0113137 -0.0293953 0.999504 1.08426
0.70194 -0.712019 -0.0175798 104.219 0.712224 0.701567 0.0232636 52.476 -0.00423078 -0.0288504 0.999575 1.09512
0.699373 -0.714314 -0.0251592 104.775 0.714756 0.698988 0.0232334 53.0626 0.000990065 -0.0342315 0.999413 1.07079
0.696189 -0.717295 -0.028438 105.341 0.717856 0.695732 0.025283 53.636 0.00164989 -0.0380161 0.999276 1.08461
0.69355 -0.719943 -0.0259012 105.912 0.720409 0.693081 0.0255118 54.2161 -0.0004154 -0.0363531 0.999339 1.09461
0.689803 -0.723718 -0.0200989 107.047 0.723963 0.689234 0.0288895 55.3981 -0.00705498 -0.0344789 0.999381 1.10625
0.689242 -0.724402 -0.0137078 107.635 0.724485 0.688858 0.0244202 56.0025 -0.00824729 -0.0267625 0.999608 1.11979
0.689398 -0.724275 -0.0124989 108.209 0.724323 0.689017 0.0247557 56.6096 -0.00931796 -0.0261198 0.999615 1.09282
0.689608 -0.724092 -0.0114807 108.765 0.724124 0.689263 0.023689 57.2225 -0.00923977 -0.0246496 0.999653 1.09224
0.690155 -0.723487 -0.0159118 109.321 0.723626 0.689733 0.025177 57.8306 -0.00724037 -0.0288902 0.999556 1.105
0.691111 -0.722434 -0.0213391 109.901 0.722732 0.690595 0.0271444 58.4703 -0.0048733 -0.0341823 0.999404 1.1097
0.692108 -0.721245 -0.0281615 110.462 0.721775 0.691282 0.0341877 59.062 -0.00519015 -0.0439879 0.999019 1.09508
0.693936 -0.719347 -0.0315077 111.068 0.720004 0.692826 0.0398332 59.6915 -0.00682453 -0.0503273 0.998709 1.07648
0.69654 -0.716754 -0.0331076 111.626 0.717491 0.695374 0.040757 60.2984 -0.00619059 -0.0521433 0.99862 1.08296
0.698403 -0.714935 -0.0331872 112.234 0.715692 0.69737 0.0381973 60.9442 -0.00416487 -0.0504289 0.998719 1.11648
0.699984 -0.713589 -0.0285259 112.877 0.714149 0.699203 0.0332711 61.5923 -0.00379646 -0.043661 0.999039 1.14082
0.6995 -0.714236 -0.0238152 113.485 0.71462 0.698897 0.0293567 62.2066 -0.00432325 -0.0375538 0.999285 1.1411
0.699684 -0.71412 -0.0218001 114.103 0.714437 0.699139 0.0280169 62.8374 -0.0047661 -0.0351778 0.99937 1.14054
0.701367 -0.712456 -0.0221744 114.694 0.712765 0.70068 0.0318463 63.4507 -0.00715197 -0.0381411 0.999247 1.14379
0.702439 -0.711396 -0.0222313 115.301 0.711647 0.701487 0.0383859 64.0777 -0.0117126 -0.0427846 0.999016 1.13821
0.703175 -0.710669 -0.0222575 115.89 0.710827 0.701919 0.0450999 64.6977 -0.0164281 -0.0475344 0.998734 1.11958
0.703295 -0.710562 -0.0218533 116.488 0.710768 0.702247 0.0407165 65.3079 -0.0135852 -0.0441684 0.998932 1.11937
0.70398 -0.709792 -0.024627 117.083 0.710218 0.703477 0.026672 65.8749 -0.00160704 -0.0362671 0.999341 1.1038
0.702814 -0.710865 -0.0268886 118.283 0.711349 0.702602 0.0182535 67.0857 0.00591622 -0.031956 0.999472 1.16477
0.701719 -0.712214 -0.018468 118.877 0.712406 0.70114 0.0296707 67.6948 -0.00818331 -0.0339772 0.999389 1.14612
0.699945 -0.714197 0.0001429 119.529 0.713527 0.699297 0.0431584 68.3566 -0.0309235 -0.0301065 0.999068 1.12489
0.699512 -0.714621 -4.34796e-05 120.072 0.714038 0.698939 0.0404149 68.9013 -0.028851 -0.0283018 0.999183 1.1279
0.698933 -0.715093 -0.0116195 120.596 0.714973 0.698235 0.0358032 69.4804 -0.0174895 -0.0333316 0.999291 1.12028
0.698195 -0.715651 -0.0191771 121.183 0.715897 0.697784 0.0242736 70.0739 -0.00398994 -0.0306766 0.999521 1.14482
0.696695 -0.716915 -0.0254712 121.767 0.717367 0.6963 0.0234818 70.6818 0.000901194 -0.0346318 0.9994 1.14945
0.694798 -0.718817 -0.0236102 122.38 0.719199 0.694282 0.0269452 71.3213 -0.00297653 -0.0357019 0.999358 1.12043
0.691511 -0.722172 -0.0167604 122.903 0.722351 0.691162 0.022441 71.9009 -0.0046221 -0.0276251 0.999608 1.14008
0.688998 -0.724616 -0.0145942 123.49 0.724756 0.688758 0.0184877 72.5092 -0.00334461 -0.0233152 0.999723 1.17589
0.686372 -0.727034 -0.0177416 124.016 0.727247 0.686087 0.0199201 73.0928 -0.00231031 -0.0265751 0.999644 1.16818
0.684126 -0.729086 -0.0201199 124.576 0.729359 0.683766 0.0223357 73.7318 -0.00252738 -0.0299551 0.999548 1.18253
0.682734 -0.730368 -0.0209146 125.125 0.73065 0.682239 0.0264622 74.321 -0.00505835 -0.0333479 0.999431 1.16795
0.681652 -0.731381 -0.0207933 125.691 0.731621 0.680979 0.0315771 74.9214 -0.00893508 -0.0367374 0.999285 1.15015
0.68125 -0.731796 -0.0192987 126.254 0.731973 0.680557 0.0325272 75.4997 -0.0106694 -0.0362853 0.999285 1.14938
0.679223 -0.733678 -0.0193008 126.798 0.733903 0.678727 0.0267752 76.1116 -0.00654436 -0.0323513 0.999455 1.19055
0.676224 -0.736438 -0.0195313 127.338 0.736694 0.675915 0.020526 76.7109 -0.00191457 -0.0282688 0.999599 1.21555
0.671415 -0.740821 -0.0196658 127.856 0.741082 0.671176 0.0179269 77.3061 -8.14535e-05 -0.0266104 0.999646 1.1987
0.665378 -0.746292 -0.0178894 128.387 0.746502 0.6651 0.0194064 77.9341 -0.00258462 -0.0262671 0.999652 1.17646
0.660644 -0.750569 -0.0139634 128.925 0.750621 0.660192 0.026733 78.5326 -0.0108464 -0.0281422 0.999545 1.12676
0.657251 -0.753649 -0.005813 129.493 0.753328 0.6567 0.0352405 79.1376 -0.0227416 -0.027541 0.999362 1.17283
0.654398 -0.75614 -0.00388511 130.009 0.755647 0.653767 0.0398162 79.7377 -0.0275667 -0.0289914 0.999199 1.16919
0.650876 -0.759169 -0.00477947 130.498 0.758737 0.650264 0.038405 80.3438 -0.0260479 -0.0286232 0.999251 1.15797
0.645865 -0.763417 -0.00732335 130.99 0.763221 0.645404 0.0307717 80.9569 -0.0187651 -0.0254637 0.9995 1.13616
0.64026 -0.768085 -0.0106756 131.499 0.768128 0.640048 0.0178519 81.5956 -0.00687888 -0.0196301 0.999784 1.16657
0.634567 -0.772705 -0.0158608 132.036 0.772859 0.63433 0.0177158 82.2666 -0.00362812 -0.0235 0.999717 1.15051
0.628904 -0.777324 -0.0157127 132.537 0.777439 0.628526 0.0233332 82.9243 -0.00826163 -0.02689 0.999604 1.09305
0.62273 -0.782292 -0.0150347 133.03 0.782368 0.622305 0.0252296 83.5646 -0.0103807 -0.0274739 0.999569 1.07431
0.615223 -0.788124 -0.0190038 133.522 0.788316 0.614781 0.0245282 84.2023 -0.00764806 -0.0300713 0.999519 1.09503
0.600925 -0.79898 -0.0227977 134.528 0.799302 0.600596 0.02001 85.544 -0.00229545 -0.0302468 0.99954 1.13757
0.594988 -0.803376 -0.0239954 134.995 0.803698 0.594412 0.0272633 86.2165 -0.00763953 -0.0355064 0.99934 1.10616
0.588353 -0.808257 -0.0236951 135.475 0.8085 0.587552 0.0333394 86.8945 -0.0130247 -0.0387728 0.999163 1.11508
0.581689 -0.813153 -0.0204732 135.957 0.813177 0.580734 0.0386277 87.5601 -0.0195208 -0.0391176 0.999044 1.09789
0.576282 -0.817066 -0.0173585 136.433 0.8169 0.575282 0.0415366 88.2272 -0.0239521 -0.038117 0.998986 1.0864
0.57233 -0.819849 -0.0169252 136.911 0.819658 0.571336 0.0416748 88.908 -0.0244971 -0.0377246 0.998988 1.06102
0.56902 -0.822001 -0.0230172 137.39 0.822136 0.56807 0.0372579 89.6043 -0.0175507 -0.0401238 0.99904 1.09231
0.56618 -0.823685 -0.0313764 137.835 0.824226 0.565286 0.0332263 90.2724 -0.00963139 -0.0446733 0.998955 1.08787
0.563849 -0.825101 -0.0358092 138.292 0.825865 0.563071 0.0299661 90.9452 -0.00456202 -0.0464699 0.998909 1.08666
0.561169 -0.826823 -0.0381129 138.751 0.827688 0.560309 0.0314098 91.6348 -0.00461536 -0.0491718 0.99878 1.08307
0.559009 -0.828391 -0.0357501 139.217 0.829062 0.557754 0.0395808 92.3533 -0.0128487 -0.0517651 0.998577 1.0674
0.556512 -0.830243 -0.0314908 139.681 0.830479 0.554753 0.0505385 93.0627 -0.0244897 -0.0542777 0.998226 1.05986
0.552265 -0.833255 -0.0262666 140.121 0.833214 0.550649 0.0503993 93.7317 -0.0275318 -0.0497194 0.998384 1.04866
0.547917 -0.836229 -0.0225457 140.553 0.83618 0.546705 0.0437775 94.3761 -0.0242822 -0.0428387 0.998787 1.02303
0.541906 -0.840117 -0.0232484 140.99 0.840325 0.54117 0.031441 95.0812 -0.0138328 -0.0365743 0.999235 1.06107
0.536472 -0.843446 -0.0282304 141.446 0.843851 0.535707 0.030569 95.7974 -0.01066 -0.0402216 0.999134 1.04592
0.530007 -0.847417 -0.0312677 141.876 0.847883 0.528982 0.0356602 96.5216 -0.013679 -0.0454115 0.998875 1.00568
0.523533 -0.851768 -0.0200901 142.329 0.851739 0.522634 0.0373486 97.2584 -0.0213126 -0.0366648 0.9991 1.02529
0.512803 -0.858504 0.00200048 143.194 0.858071 0.512616 0.0306395 98.6636 -0.0273296 -0.0139955 0.999528 0.98782
0.507458 -0.861654 0.00619351 143.599 0.861377 0.507458 0.0227245 99.3507 -0.0227236 -0.0061968 0.999723 0.986358
0.50265 -0.864446 0.0087202 144.023 0.864374 0.502722 0.0113184 100.046 -0.014168 0.00184832 0.999898 0.994583
0.497167 -0.867625 0.00713417 144.463 0.867638 0.497192 0.00210542 100.745 -0.00537376 0.00514313 0.999972 0.998012
0.491243 -0.871016 -0.00326399 144.887 0.871001 0.491202 0.00882798 101.48 -0.00608603 -0.00717962 0.999956 0.983116
0.486475 -0.87368 -0.00505937 145.31 0.873466 0.486207 0.0256835 102.27 -0.0199793 -0.0169136 0.999657 0.962097
0.481363 -0.876521 -4.6881e-05 145.723 0.875988 0.481068 0.0349042 103.029 -0.0305717 -0.0168427 0.999391 0.955621
0.477531 -0.878606 0.00396385 146.111 0.877971 0.477349 0.0361203 103.791 -0.0336276 -0.0137684 0.99934 0.952927
0.475843 -0.879529 -0.00123986 146.499 0.879196 0.475623 0.0282485 104.526 -0.0242557 -0.0145319 0.9996 0.90876
0.47478 -0.88003 -0.0114633 146.872 0.880012 0.4745 0.0207297 105.253 -0.0128034 -0.0199299 0.999719 0.903093
0.47323 -0.880767 -0.0173614 147.243 0.880921 0.473004 0.0156794 105.997 -0.00559787 -0.022714 0.999726 0.956009
0.471942 -0.881505 -0.0148359 147.641 0.881607 0.471743 0.015086 106.727 -0.00629964 -0.0201992 0.999776 0.974597
0.471419 -0.881832 -0.0116924 148.063 0.881814 0.471132 0.0209432 107.492 -0.0129597 -0.0201836 0.999712 0.964376
0.471058 -0.882055 -0.00909164 148.465 0.881843 0.470645 0.0290857 108.267 -0.0213763 -0.0217185 0.999536 0.924097
0.469803 -0.882765 -0.00332632 148.857 0.882384 0.469482 0.0313969 109.045 -0.0261545 -0.0176855 0.999501 0.89909
0.467564 -0.883955 0.00255099 149.243 0.883723 0.467504 0.021766 109.765 -0.0204327 -0.00792262 0.99976 0.860555
0.466308 -0.884597 0.00669132 149.641 0.884595 0.46634 0.0042973 110.48 -0.0069218 0.00391524 0.999968 0.9173
0.465582 -0.884944 0.0103554 150.051 0.885003 0.465525 -0.0075578 111.221 0.00186754 0.0126833 0.999918 0.969371
0.465292 -0.885121 0.00796497 150.454 0.885149 0.465232 -0.00833313 111.965 0.00367027 0.0109275 0.999934 0.990334
0.464232 -0.885705 0.00381213 150.865 0.885704 0.464243 0.00262184 112.744 -0.00409193 0.00215928 0.999989 0.933363
0.461465 -0.887133 0.00677684 151.261 0.887049 0.461514 0.012214 113.549 -0.013963 0.000375068 0.999902 0.965011
0.459221 -0.888205 0.0144311 151.633 0.888163 0.459385 0.0114693 114.349 -0.0168165 0.00755027 0.99983 0.968534
0.459861 -0.887915 0.0115889 152.015 0.887938 0.459937 0.00484972 115.1 -0.00963632 0.00806007 0.999921 0.925382
0.460714 -0.887533 0.00528524 152.38 0.887529 0.460736 0.00390674 115.842 -0.00590246 0.00289091 0.999978 0.964496
0.460711 -0.887549 0.00138888 152.757 0.887532 0.460712 0.00563562 116.574 -0.00564176 -0.00136372 0.999983 0.958266
0.460386 -0.887719 0.000251381 153.136 0.887685 0.46037 0.00858812 117.3 -0.00773957 -0.0037307 0.999963 0.965691
0.459054 -0.888406 -0.00205889 153.512 0.88829 0.458955 0.0173566 118.03 -0.0144748 -0.00979652 0.999847 0.97229
0.458079 -0.888911 -0.000754984 153.869 0.888759 0.457984 0.0189333 118.777 -0.0164842 -0.00934392 0.99982 0.974982
0.457377 -0.889271 0.00165501 154.229 0.889175 0.457354 0.0139712 119.525 -0.0131812 -0.00491853 0.999901 0.971673
0.457122 -0.8894 0.00249806 154.589 0.889377 0.457129 0.00648626 120.262 -0.00691082 -0.000743299 0.999976 0.985988
0.456865 -0.889531 -0.00311986 154.968 0.88953 0.456845 0.00542908 120.993 -0.00340404 -0.00525556 0.99998 1.00293
0.455783 -0.890034 -0.010019 155.352 0.890047 0.45562 0.0150757 121.721 -0.00885302 -0.0157887 0.999836 0.915145
0.453543 -0.891231 -0.00232282 155.719 0.890971 0.453344 0.0255131 122.433 -0.021685 -0.0136409 0.999672 0.949216
0.452139 -0.891924 0.00644694 156.055 0.891564 0.452145 0.0260639 123.101 -0.026162 -0.00603665 0.999639 0.981573
0.451518 -0.892227 0.00790579 156.389 0.891979 0.45158 0.02119 123.798 -0.0224764 -0.00251585 0.999744 0.993357
0.45196 -0.89203 0.00387587 156.722 0.891919 0.451966 0.0144115 124.473 -0.0146072 -0.00305644 0.999889 0.948673
0.453173 -0.891422 -0.00128523 157.046 0.89139 0.453144 0.00923396 125.136 -0.00764896 -0.00533022 0.999957 0.970698
0.454317 -0.890786 -0.00979423 157.341 0.89083 0.45423 0.00986313 125.722 -0.00433711 -0.013206 0.999903 0.931034
0.456674 -0.889559 -0.0115422 157.636 0.889633 0.456613 0.00761394 126.305 -0.00150274 -0.0137454 0.999904 0.947174
0.460301 -0.887683 -0.0119046 157.937 0.887763 0.460256 0.0064484 126.89 -0.000244971 -0.0135367 0.999908 0.976539
0.465176 -0.885156 -0.0104763 158.24 0.885211 0.46509 0.00964875 127.499 -0.00366822 -0.0137621 0.999899 0.960322
0.470649 -0.882292 -0.00707922 158.557 0.882255 0.4705 0.0160127 128.096 -0.0107971 -0.013782 0.999847 0.950139
0.475731 -0.879566 -0.00659667 158.894 0.879403 0.475461 0.0242242 128.707 -0.0181703 -0.0173253 0.999685 0.962905
0.481036 -0.87666 -0.00846606 159.201 0.876518 0.480715 0.0251004 129.292 -0.0179348 -0.0194948 0.999649 0.961323
0.486947 -0.873375 -0.00994824 159.497 0.873344 0.486706 0.0196813 129.86 -0.0123473 -0.018272 0.999757 0.976068
0.49363 -0.869574 -0.0130725 159.797 0.869671 0.493546 0.00923175 130.427 -0.00157581 -0.0159258 0.999872 0.976452
0.500315 -0.865639 -0.0187962 160.117 0.865822 0.500336 0.00389957 130.991 0.00602882 -0.0182252 0.999816 0.971883
0.506754 -0.861889 -0.0186593 160.483 0.86208 0.506736 0.00604577 131.579 0.00424455 -0.0191495 0.999808 1.02019
0.512241 -0.858717 -0.0146545 160.826 0.858842 0.512173 0.00834595 132.143 0.000338834 -0.016861 0.999858 1.05018
0.517553 -0.855608 -0.00855546 161.174 0.855636 0.51746 0.0110533 132.695 -0.00503021 -0.013041 0.999902 1.05818
0.522657 -0.85254 -0.00235644 161.538 0.852494 0.522596 0.0121115 133.236 -0.00909405 -0.00833901 0.999924 1.05012
0.526511 -0.850168 -0.00103745 161.876 0.850097 0.52645 0.0136075 133.772 -0.0110225 -0.00804641 0.999907 1.04884
0.526873 -0.84994 -0.00258693 162.208 0.849873 0.526787 0.01456 134.307 -0.0110124 -0.00986985 0.999891 1.04549
0.525965 -0.850506 0.000586597 162.897 0.850378 0.525898 0.0169876 135.485 -0.0147566 -0.00843606 0.999855 1.06677
0.526097 -0.850424 0.000337275 163.256 0.850272 0.52601 0.0187321 136.067 -0.0161076 -0.00956812 0.999824 1.06712
0.526147 -0.850364 -0.00705245 163.605 0.850281 0.525925 0.0206312 136.641 -0.0138349 -0.0168516 0.999762 1.03712
0.525569 -0.850614 -0.0152603 163.939 0.85072 0.525311 0.0179896 137.194 -0.00728581 -0.022437 0.999722 1.0097
0.523674 -0.851723 -0.0182475 164.258 0.851916 0.523604 0.0088079 137.728 0.00205256 -0.0201578 0.999795 1.01319
0.520192 -0.8539 -0.0159619 164.593 0.85401 0.520257 9.82144e-05 138.281 0.00822044 -0.0136827 0.999873 1.06253
0.516496 -0.856154 -0.0152119 164.929 0.856269 0.516524 0.00235172 138.862 0.00584388 -0.0142401 0.999882 1.09531
0.512884 -0.858339 -0.0142697 165.246 0.858449 0.512734 0.0129968 139.478 -0.0038391 -0.0189157 0.999814 1.09363
0.509512 -0.860448 -0.00520671 165.611 0.860266 0.509256 0.0245187 140.094 -0.0184455 -0.0169717 0.999686 1.10337
0.506118 -0.862452 0.00470437 165.983 0.861931 0.505989 0.0323914 140.715 -0.0303164 -0.012339 0.999464 1.09595
0.503777 -0.863822 0.00444331 166.343 0.86333 0.503652 0.031566 141.307 -0.0295053 -0.0120662 0.999492 1.05118
0.502024 -0.864853 0.000461729 166.686 0.864532 0.501852 0.0269923 141.914 -0.0235761 -0.0131516 0.999635 1.0427
0.499419 -0.866356 -0.00295701 167.032 0.866197 0.499255 0.021145 142.524 -0.0168428 -0.0131216 0.999772 1.02952
